1 0.233398 0.300781 0.230469 0.301758 0.230469 0.311523 0.236328 0.313477 0.242188 0.311523 0.248047 0.311523 0.250977 0.310547 0.250977 0.30957 0.256836 0.307617 0.259766 0.307617 0.259766 0.306641 0.262695 0.305664 0.262695 0.301758 0.259766 0.300781
1 0.889648 0.347656 0.886719 0.348633 0.886719 0.357422 0.889648 0.358398 0.904297 0.358398 0.907227 0.357422 0.907227 0.356445 0.918945 0.352539 0.918945 0.348633 0.916016 0.347656
1 0.760742 0.929688 0.757812 0.930664 0.757812 0.939453 0.772461 0.944336 0.787109 0.944336 0.790039 0.943359 0.790039 0.936523 0.787109 0.935547 0.787109 0.93457 0.77832 0.931641 0.77832 0.930664 0.775391 0.929688
1 0.479492 0.199219 0.476563 0.200195 0.476563 0.201172 0.479492 0.202148 0.479492 0.203125 0.485352 0.205078 0.485352 0.207031 0.482422 0.208008 0.482422 0.208984 0.479492 0.209961 0.479492 0.210938 0.476563 0.211914 0.476563 0.216797 0.479492 0.217773 0.479492 0.21875 0.482422 0.21875 0.485352 0.219727 0.485352 0.220703 0.488281 0.220703 0.491211 0.22168 0.517578 0.22168 0.520508 0.220703 0.520508 0.217773 0.523438 0.216797 0.523438 0.21582 0.543945 0.208984 0.543945 0.208008 0.541016 0.207031 0.538086 0.207031 0.532227 0.205078 0.532227 0.204102 0.529297 0.203125 0.526367 0.203125 0.517578 0.200195 0.508789 0.200195 0.505859 0.199219
1 0.456055 0.230469 0.453125 0.231445 0.453125 0.236328 0.467773 0.241211 0.482422 0.241211 0.485352 0.240234 0.485352 0.239258 0.488281 0.238281 0.488281 0.237305 0.494141 0.235352 0.494141 0.232422 0.491211 0.231445 0.488281 0.231445 0.485352 0.230469
1 0.491211 0.0859375 0.488281 0.0869141 0.488281 0.0927734 0.491211 0.09375 0.491211 0.0947266 0.494141 0.0947266 0.49707 0.09375 0.5 0.09375 0.50293 0.0927734 0.505859 0.0927734 0.508789 0.0917969 0.508789 0.0908203 0.517578 0.0878906 0.517578 0.0869141 0.514648 0.0859375
1 0.737305 0.914062 0.734375 0.915039 0.734375 0.923828 0.737305 0.924805 0.740234 0.924805 0.743164 0.923828 0.743164 0.919922 0.746094 0.918945 0.746094 0.915039 0.743164 0.915039 0.740234 0.914062
1 0.901367 0.980469 0.898438 0.981445 0.898438 0.984375 0.901367 0.985352 0.901367 0.986328 0.904297 0.986328 0.907227 0.987305 0.918945 0.987305 0.921875 0.986328 0.924805 0.986328 0.924805 0.983398 0.921875 0.982422 0.921875 0.981445 0.918945 0.981445 0.916016 0.980469
1 0.78418 0.667969 0.78125 0.668945 0.78125 0.679688 0.78418 0.680664 0.78418 0.681641 0.787109 0.681641 0.795898 0.678711 0.798828 0.678711 0.801758 0.677734 0.801758 0.668945 0.798828 0.667969
1 0.22168 0.09375 0.21875 0.0947266 0.21875 0.116211 0.224609 0.118164 0.230469 0.116211 0.233398 0.116211 0.239258 0.114258 0.239258 0.113281 0.250977 0.109375 0.250977 0.108398 0.253906 0.107422 0.253906 0.106445 0.256836 0.105469 0.256836 0.103516 0.253906 0.102539 0.253906 0.0996094 0.250977 0.0986328 0.250977 0.0947266 0.248047 0.09375
1 0.514648 0.0546875 0.511719 0.0556641 0.511719 0.0566406 0.517578 0.0585938 0.526367 0.0585938 0.532227 0.0605469 0.535156 0.0605469 0.538086 0.0615234 0.546875 0.0615234 0.549805 0.0605469 0.552734 0.0605469 0.552734 0.0585938 0.549805 0.0576172 0.549805 0.0556641 0.546875 0.0556641 0.543945 0.0546875
1 0.749023 0.078125 0.746094 0.0791016 0.746094 0.0800781 0.740234 0.0820312 0.737305 0.0820312 0.734375 0.0830078 0.734375 0.0878906 0.737305 0.0888672 0.754883 0.0888672 0.757812 0.0898438 0.769531 0.0898438 0.772461 0.0908203 0.775391 0.0908203 0.77832 0.0917969 0.787109 0.0917969 0.787109 0.0898438 0.78418 0.0898438 0.77832 0.0878906 0.77832 0.0791016 0.775391 0.078125
1 0.620117 0.0664062 0.617188 0.0673828 0.617188 0.0761719 0.620117 0.0771484 0.634766 0.0771484 0.637695 0.0761719 0.637695 0.0722656 0.640625 0.0712891 0.640625 0.0683594 0.634766 0.0664062
1 0.795898 0.488281 0.792969 0.489258 0.792969 0.49707 0.798828 0.499023 0.801758 0.498047 0.807617 0.498047 0.813477 0.496094 0.813477 0.495117 0.816406 0.494141 0.816406 0.493164 0.822266 0.491211 0.822266 0.489258 0.819336 0.488281
1 0.620117 0.277344 0.617188 0.27832 0.617188 0.279297 0.611328 0.28125 0.608398 0.28125 0.59375 0.286133 0.59375 0.287109 0.59668 0.288086 0.602539 0.288086 0.605469 0.289062 0.617188 0.289062 0.620117 0.290039 0.623047 0.290039 0.628906 0.288086 0.634766 0.288086 0.634766 0.287109 0.637695 0.286133 0.637695 0.283203 0.640625 0.282227 0.640625 0.27832 0.637695 0.27832 0.634766 0.277344
1 0.338867 0.75 0.335938 0.750977 0.335938 0.755859 0.338867 0.756836 0.341797 0.756836 0.353516 0.760742 0.365234 0.760742 0.368164 0.759766 0.371094 0.759766 0.376953 0.757812 0.376953 0.756836 0.379883 0.755859 0.379883 0.753906 0.376953 0.75293 0.376953 0.750977 0.371094 0.750977 0.368164 0.75
1 0.819336 0.75 0.816406 0.750977 0.816406 0.757812 0.819336 0.758789 0.819336 0.759766 0.825195 0.759766 0.828125 0.758789 0.831055 0.758789 0.833984 0.757812 0.833984 0.756836 0.836914 0.755859 0.836914 0.750977 0.833984 0.75
1 0.620117 0.597656 0.617188 0.598633 0.617188 0.603516 0.620117 0.604492 0.620117 0.605469 0.625977 0.605469 0.628906 0.604492 0.643555 0.604492 0.649414 0.602539 0.649414 0.598633 0.646484 0.597656
1 0.198242 0.273438 0.195312 0.274414 0.195312 0.288086 0.198242 0.289062 0.198242 0.290039 0.201172 0.290039 0.21875 0.28418 0.236328 0.28418 0.239258 0.283203 0.242188 0.283203 0.242188 0.28125 0.236328 0.279297 0.236328 0.27832 0.233398 0.27832 0.230469 0.277344 0.224609 0.277344 0.212891 0.273438
1 0.239258 0.523438 0.236328 0.524414 0.233398 0.524414 0.233398 0.525391 0.230469 0.526367 0.230469 0.532227 0.233398 0.533203 0.236328 0.533203 0.245117 0.530273 0.248047 0.530273 0.250977 0.529297 0.250977 0.52832 0.256836 0.526367 0.259766 0.526367 0.262695 0.525391 0.262695 0.524414 0.259766 0.523438
1 0.256836 0.726562 0.253906 0.727539 0.253906 0.735352 0.256836 0.736328 0.262695 0.736328 0.277344 0.731445 0.277344 0.727539 0.274414 0.727539 0.271484 0.726562
1 0.620117 0.800781 0.617188 0.801758 0.617188 0.810547 0.620117 0.811523 0.634766 0.811523 0.637695 0.810547 0.637695 0.801758 0.634766 0.800781
1 0.233398 0.351562 0.230469 0.352539 0.230469 0.357422 0.233398 0.358398 0.236328 0.358398 0.242188 0.360352 0.242188 0.361328 0.245117 0.361328 0.248047 0.362305 0.271484 0.362305 0.274414 0.361328 0.274414 0.359375 0.271484 0.358398 0.271484 0.357422 0.256836 0.352539 0.253906 0.352539 0.250977 0.351562
1 0.209961 0.144531 0.207031 0.145508 0.207031 0.150391 0.209961 0.151367 0.245117 0.151367 0.250977 0.149414 0.250977 0.145508 0.248047 0.144531
1 0.78418 0.25 0.78125 0.250977 0.78125 0.258789 0.787109 0.260742 0.798828 0.260742 0.801758 0.259766 0.801758 0.254883 0.787109 0.25
1 0.807617 0.375 0.804688 0.375977 0.804688 0.380859 0.807617 0.381836 0.810547 0.381836 0.816406 0.379883 0.816406 0.375977 0.813477 0.375977 0.810547 0.375
1 0.362305 0.378906 0.359375 0.379883 0.359375 0.392578 0.362305 0.393555 0.365234 0.393555 0.368164 0.392578 0.368164 0.391602 0.374023 0.389648 0.376953 0.389648 0.379883 0.388672 0.379883 0.382812 0.374023 0.380859 0.374023 0.379883 0.371094 0.379883 0.368164 0.378906
1 0.456055 0.0585938 0.453125 0.0595703 0.453125 0.0634766 0.458984 0.0654297 0.461914 0.0644531 0.470703 0.0644531 0.482422 0.0605469 0.482422 0.0595703 0.476563 0.0595703 0.473633 0.0585938
1 0.362305 0.617188 0.359375 0.618164 0.359375 0.630859 0.362305 0.631836 0.376953 0.631836 0.379883 0.630859 0.379883 0.619141 0.374023 0.617188
1 0.749023 0.652344 0.746094 0.65332 0.746094 0.654297 0.749023 0.655273 0.807617 0.655273 0.810547 0.654297 0.810547 0.65332 0.807617 0.652344
1 0.224609 0.1875 0.21875 0.189453 0.21875 0.193359 0.224609 0.195312 0.227539 0.195312 0.233398 0.197266 0.236328 0.197266 0.242188 0.195312 0.245117 0.195312 0.250977 0.193359 0.250977 0.192383 0.248047 0.191406 0.248047 0.19043 0.245117 0.19043 0.239258 0.188477 0.236328 0.188477 0.233398 0.1875
1 0.760742 0.832031 0.757812 0.833008 0.757812 0.841797 0.760742 0.842773 0.763672 0.842773 0.766602 0.841797 0.766602 0.84082 0.772461 0.838867 0.775391 0.838867 0.77832 0.837891 0.78125 0.837891 0.78125 0.836914 0.78418 0.835938 0.78418 0.834961 0.787109 0.833984 0.78418 0.833008 0.77832 0.833008 0.775391 0.832031
1 0.772461 0.796875 0.769531 0.797852 0.769531 0.802734 0.772461 0.803711 0.787109 0.803711 0.790039 0.802734 0.790039 0.797852 0.787109 0.796875
1 0.0458984 0.199219 0.0429688 0.200195 0.0429688 0.208984 0.0458984 0.209961 0.0664062 0.209961 0.0693359 0.208984 0.0722656 0.208984 0.0751953 0.208008 0.0751953 0.207031 0.0839844 0.204102 0.0839844 0.202148 0.0869141 0.201172 0.0869141 0.200195 0.0839844 0.199219
1 0.620117 0.558594 0.617188 0.55957 0.617188 0.568359 0.623047 0.570312 0.646484 0.570312 0.649414 0.569336 0.649414 0.563477 0.646484 0.5625 0.646484 0.561523 0.640625 0.55957 0.637695 0.55957 0.634766 0.558594
1 0.983398 0.0078125 0.980469 0.00878906 0.980469 0.0175781 0.983398 0.0185547 0.989258 0.0185547 0.992188 0.0195312 0.995117 0.0195312 1 0.0175781 1 0.0126953 0.998047 0.0117188 0.998047 0.0107422 0.992188 0.00878906 0.989258 0.00878906 0.986328 0.0078125
1 0.341797 0.0195312 0.335938 0.0214844 0.335938 0.0341797 0.341797 0.0361328 0.353516 0.0361328 0.356445 0.0351562 0.359375 0.0351562 0.362305 0.0341797 0.365234 0.0341797 0.368164 0.0332031 0.368164 0.0322266 0.374023 0.0302734 0.376953 0.0302734 0.391602 0.0253906 0.391602 0.0244141 0.388672 0.0234375 0.388672 0.0224609 0.382813 0.0205078 0.379883 0.0205078 0.376953 0.0195312
1 0.268555 0.742188 0.265625 0.743164 0.265625 0.748047 0.268555 0.749023 0.283203 0.749023 0.286133 0.748047 0.286133 0.743164 0.283203 0.742188
1 0.233398 0.710938 0.230469 0.711914 0.230469 0.716797 0.233398 0.717773 0.248047 0.717773 0.250977 0.716797 0.250977 0.711914 0.248047 0.710938
1 0.913086 0.492188 0.910156 0.493164 0.910156 0.504883 0.916016 0.506836 0.927734 0.506836 0.930664 0.505859 0.930664 0.50293 0.933594 0.501953 0.933594 0.49707 0.930664 0.496094 0.930664 0.493164 0.927734 0.492188
1 0.901367 0.933594 0.898438 0.93457 0.898438 0.935547 0.901367 0.936523 0.916016 0.936523 0.918945 0.935547 0.918945 0.93457 0.916016 0.933594
1 0.22168 0.0703125 0.21875 0.0712891 0.21875 0.0761719 0.22168 0.0771484 0.22168 0.078125 0.224609 0.0791016 0.227539 0.0791016 0.230469 0.0800781 0.236328 0.0800781 0.248047 0.0761719 0.248047 0.0751953 0.245117 0.0742188 0.242188 0.0742188 0.236328 0.0722656 0.233398 0.0722656 0.227539 0.0703125
1 0.901367 0.808594 0.898438 0.80957 0.898438 0.823242 0.901367 0.824219 0.901367 0.825195 0.904297 0.825195 0.907227 0.824219 0.907227 0.822266 0.918945 0.818359 0.918945 0.813477 0.916016 0.8125 0.916016 0.811523 0.910156 0.80957 0.907227 0.80957 0.904297 0.808594
1 0.538086 0.132812 0.535156 0.133789 0.535156 0.138672 0.538086 0.139648 0.549805 0.139648 0.552734 0.138672 0.555664 0.138672 0.555664 0.133789 0.552734 0.132812
1 0.479492 0.894531 0.476563 0.895508 0.476563 0.905273 0.479492 0.90625 0.479492 0.907227 0.482422 0.908203 0.485352 0.908203 0.488281 0.90918 0.49707 0.90918 0.50293 0.907227 0.5 0.90625 0.5 0.905273 0.49707 0.904297 0.49707 0.902344 0.494141 0.901367 0.494141 0.900391 0.491211 0.899414 0.491211 0.895508 0.488281 0.895508 0.485352 0.894531
1 0.760742 0.773438 0.757812 0.774414 0.757812 0.776367 0.760742 0.777344 0.760742 0.779297 0.772461 0.779297 0.775391 0.77832 0.775391 0.774414 0.772461 0.774414 0.769531 0.773438
1 0.50293 0.367188 0.5 0.368164 0.5 0.373047 0.50293 0.374023 0.505859 0.374023 0.508789 0.373047 0.508789 0.368164 0.505859 0.367188
1 0.87793 0.214844 0.863281 0.219727 0.863281 0.228516 0.866211 0.229492 0.886719 0.229492 0.889648 0.228516 0.901367 0.228516 0.904297 0.227539 0.907227 0.227539 0.910156 0.226562 0.913086 0.226562 0.918945 0.224609 0.918945 0.220703 0.916016 0.219727 0.916016 0.21875 0.913086 0.217773 0.913086 0.216797 0.910156 0.21582 0.907227 0.21582 0.904297 0.214844
1 0.50293 0.148438 0.5 0.149414 0.5 0.158203 0.50293 0.15918 0.505859 0.15918 0.508789 0.158203 0.508789 0.155273 0.511719 0.154297 0.511719 0.15332 0.508789 0.152344 0.508789 0.149414 0.505859 0.148438
1 0.0927734 0.675781 0.0898438 0.676758 0.0898438 0.678711 0.0957031 0.680664 0.101563 0.678711 0.107422 0.678711 0.110352 0.677734 0.110352 0.676758 0.107422 0.675781
1 0.350586 0.324219 0.347656 0.325195 0.347656 0.327148 0.350586 0.328125 0.350586 0.330078 0.353516 0.330078 0.353516 0.329102 0.356445 0.328125 0.356445 0.325195 0.353516 0.324219
1 0.886719 0.0400391 0.883789 0.0410156 0.880859 0.0410156 0.87793 0.0419922 0.87793 0.0429688 0.875 0.0439453 0.875 0.0449219 0.869141 0.046875 0.866211 0.046875 0.863281 0.0478516 0.863281 0.0537109 0.866211 0.0546875 0.866211 0.0556641 0.87207 0.0576172 0.875 0.0576172 0.892578 0.0634766 0.904297 0.0634766 0.907227 0.0625 0.910156 0.0625 0.913086 0.0615234 0.918945 0.0615234 0.930664 0.0576172 0.930664 0.0566406 0.939453 0.0537109 0.951172 0.0537109 0.954102 0.0527344 0.954102 0.0517578 0.951172 0.0507812 0.916016 0.0507812 0.907227 0.0478516 0.907227 0.046875 0.898438 0.0439453 0.898438 0.0429688 0.895508 0.0419922 0.895508 0.0410156 0.892578 0.0400391
1 0.209961 0.101562 0.207031 0.102539 0.207031 0.103516 0.201172 0.105469 0.198242 0.105469 0.192383 0.107422 0.192383 0.110352 0.189453 0.111328 0.189453 0.112305 0.186523 0.113281 0.186523 0.115234 0.183594 0.116211 0.183594 0.119141 0.186523 0.120117 0.198242 0.120117 0.201172 0.119141 0.21582 0.119141 0.21875 0.118164 0.224609 0.118164 0.230469 0.116211 0.233398 0.116211 0.239258 0.114258 0.239258 0.113281 0.245117 0.111328 0.248047 0.111328 0.248047 0.109375 0.250977 0.108398 0.250977 0.102539 0.248047 0.101562
1 0.819336 0.628906 0.816406 0.629883 0.816406 0.630859 0.810547 0.632812 0.807617 0.632812 0.804688 0.633789 0.804688 0.635742 0.807617 0.636719 0.807617 0.637695 0.810547 0.638672 0.816406 0.638672 0.819336 0.639648 0.819336 0.641602 0.822266 0.641602 0.819336 0.640625 0.819336 0.638672 0.825195 0.636719 0.828125 0.636719 0.831055 0.635742 0.833984 0.635742 0.833984 0.634766 0.836914 0.633789 0.836914 0.629883 0.833984 0.628906
1 0.866211 0.691406 0.863281 0.692383 0.863281 0.703125 0.866211 0.704102 0.866211 0.705078 0.869141 0.705078 0.87207 0.706055 0.901367 0.706055 0.913086 0.702148 0.916016 0.702148 0.918945 0.701172 0.921875 0.701172 0.930664 0.698242 0.933594 0.698242 0.936523 0.697266 0.936523 0.695312 0.933594 0.694336 0.933594 0.693359 0.927734 0.691406 0.907227 0.691406 0.904297 0.692383 0.901367 0.692383 0.898438 0.691406
1 0.608398 0.480469 0.605469 0.481445 0.605469 0.486328 0.608398 0.487305 0.620117 0.487305 0.625977 0.485352 0.625977 0.483398 0.623047 0.482422 0.623047 0.481445 0.620117 0.480469
1 0.78418 0.316406 0.78125 0.317383 0.78125 0.319336 0.78418 0.320312 0.78418 0.321289 0.790039 0.321289 0.792969 0.320312 0.798828 0.320312 0.798828 0.319336 0.801758 0.318359 0.801758 0.317383 0.798828 0.316406
1 0.526367 0.1875 0.523438 0.188477 0.523438 0.192383 0.526367 0.193359 0.532227 0.193359 0.532227 0.191406 0.535156 0.19043 0.535156 0.188477 0.532227 0.188477 0.529297 0.1875
