1 0.502927 0.40625 0.5 0.407227 0.5 0.415039 0.505853 0.416992 0.517561 0.416992 0.523414 0.415039 0.523414 0.414062 0.529268 0.412109 0.529268 0.411133 0.520487 0.408203 0.520487 0.407227 0.517561 0.40625
1 0.198544 0.21875 0.195617 0.219727 0.195617 0.224609 0.20147 0.226562 0.204397 0.226562 0.207324 0.225586 0.224884 0.225586 0.227811 0.224609 0.227811 0.223633 0.233665 0.22168 0.236592 0.22168 0.236592 0.219727 0.233665 0.21875
1 0.444392 0.371094 0.441465 0.37207 0.441465 0.373047 0.444392 0.374023 0.444392 0.375 0.450245 0.376953 0.453172 0.376953 0.456099 0.37793 0.467806 0.37793 0.470732 0.378906 0.479513 0.378906 0.482439 0.37793 0.485366 0.37793 0.488293 0.376953 0.488293 0.373047 0.482439 0.371094
1 0.464879 0.429688 0.461952 0.430664 0.459025 0.430664 0.456099 0.431641 0.456099 0.432617 0.453172 0.433594 0.453172 0.442383 0.459025 0.444336 0.482439 0.444336 0.485366 0.443359 0.485366 0.436523 0.482439 0.435547 0.482439 0.433594 0.479513 0.432617 0.479513 0.431641 0.476586 0.430664 0.473659 0.430664 0.470732 0.429688
1 0.210251 0.238281 0.207324 0.239258 0.207324 0.257812 0.210251 0.258789 0.210251 0.259766 0.224884 0.259766 0.224884 0.258789 0.227811 0.257812 0.230738 0.257812 0.233665 0.256836 0.236592 0.256836 0.239518 0.255859 0.239518 0.250977 0.236592 0.25 0.224884 0.25 0.216104 0.24707 0.216104 0.239258 0.213177 0.238281
1 0.479513 0.0859375 0.476586 0.0869141 0.476586 0.09375 0.479513 0.0947266 0.479513 0.0957031 0.482439 0.0957031 0.485366 0.0947266 0.485366 0.09375 0.488293 0.0927734 0.488293 0.0888672 0.485366 0.0878906 0.485366 0.0869141 0.482439 0.0859375
1 0.502927 0.1875 0.5 0.188477 0.497073 0.188477 0.49122 0.19043 0.49122 0.191406 0.488293 0.192383 0.488293 0.199219 0.49122 0.200195 0.49122 0.201172 0.494146 0.201172 0.502927 0.198242 0.505853 0.198242 0.50878 0.197266 0.50878 0.196289 0.520487 0.192383 0.520487 0.188477 0.517561 0.1875
1 0.128301 0.242188 0.125375 0.243164 0.125375 0.248047 0.128301 0.249023 0.142935 0.249023 0.145862 0.25 0.148789 0.25 0.151715 0.250977 0.154642 0.250977 0.154642 0.25 0.157569 0.249023 0.157569 0.243164 0.154642 0.242188
1 0.479513 0.542969 0.476586 0.543945 0.476586 0.548828 0.49122 0.553711 0.505853 0.553711 0.520487 0.548828 0.520487 0.547852 0.517561 0.546875 0.514634 0.546875 0.50878 0.544922 0.50878 0.543945 0.505853 0.542969
1 0.0931803 0.953125 0.0697662 0.960938 0.0580591 0.960938 0.0580591 0.961914 0.0551324 0.962891 0.0551324 0.97168 0.0580591 0.972656 0.0580591 0.973633 0.0639127 0.975586 0.0639127 0.976562 0.0697662 0.978516 0.0697662 0.979492 0.096107 0.979492 0.101961 0.981445 0.101961 0.982422 0.104887 0.983398 0.107814 0.983398 0.113668 0.985352 0.113668 0.986328 0.116594 0.987305 0.131228 0.987305 0.134155 0.986328 0.134155 0.984375 0.137082 0.983398 0.137082 0.981445 0.140008 0.980469 0.140008 0.979492 0.142935 0.978516 0.142935 0.975586 0.145862 0.974609 0.145862 0.97168 0.142935 0.970703 0.142935 0.969727 0.145862 0.96875 0.145862 0.958008 0.131228 0.953125
1 0.374149 0.0078125 0.371223 0.00878906 0.371223 0.0136719 0.374149 0.0146484 0.380003 0.0146484 0.38293 0.015625 0.388783 0.015625 0.39171 0.0166016 0.39171 0.0175781 0.394637 0.0175781 0.397563 0.0185547 0.412197 0.0185547 0.415124 0.0175781 0.415124 0.0126953 0.412197 0.0117188 0.40927 0.0117188 0.403417 0.00976562 0.403417 0.00878906 0.40049 0.0078125
1 0.374149 0.144531 0.359515 0.149414 0.359515 0.154297 0.362442 0.155273 0.362442 0.15625 0.368296 0.15625 0.371223 0.155273 0.377076 0.155273 0.39171 0.150391 0.39171 0.145508 0.388783 0.144531
1 0.479513 0.515625 0.476586 0.516602 0.476586 0.517578 0.479513 0.518555 0.49122 0.518555 0.494146 0.519531 0.497073 0.519531 0.5 0.520508 0.5 0.521484 0.502927 0.521484 0.505853 0.522461 0.50878 0.521484 0.511707 0.521484 0.511707 0.519531 0.50878 0.518555 0.50878 0.516602 0.505853 0.515625
1 0.631704 0.269531 0.628777 0.270508 0.628777 0.275391 0.631704 0.276367 0.643411 0.276367 0.649265 0.274414 0.649265 0.273438 0.652192 0.272461 0.652192 0.270508 0.649265 0.270508 0.646338 0.269531
1 0.104887 0.765625 0.101961 0.766602 0.101961 0.771484 0.104887 0.772461 0.104887 0.773438 0.110741 0.773438 0.113668 0.772461 0.119521 0.772461 0.122448 0.771484 0.122448 0.766602 0.119521 0.765625
1 0.0814732 0.792969 0.0785465 0.793945 0.0785465 0.794922 0.0726929 0.796875 0.0697662 0.796875 0.0668394 0.797852 0.0668394 0.806641 0.0756197 0.80957 0.0756197 0.810547 0.0785465 0.811523 0.0785465 0.813477 0.0814732 0.814453 0.0873267 0.814453 0.0902535 0.81543 0.0931803 0.81543 0.096107 0.814453 0.0990338 0.814453 0.0990338 0.813477 0.101961 0.8125 0.104887 0.8125 0.107814 0.811523 0.113668 0.811523 0.116594 0.810547 0.119521 0.810547 0.119521 0.799805 0.116594 0.798828 0.116594 0.797852 0.110741 0.795898 0.110741 0.794922 0.104887 0.792969
1 0.362442 0.273438 0.359515 0.274414 0.359515 0.279297 0.362442 0.280273 0.365369 0.280273 0.368296 0.279297 0.368296 0.277344 0.371223 0.276367 0.371223 0.274414 0.368296 0.274414 0.365369 0.273438
1 0.479513 0.933594 0.476586 0.93457 0.476586 0.935547 0.479513 0.936523 0.494146 0.936523 0.497073 0.935547 0.497073 0.93457 0.494146 0.933594
1 0.359515 0.464844 0.356589 0.46582 0.353662 0.46582 0.350735 0.466797 0.350735 0.467773 0.347808 0.46875 0.347808 0.470703 0.353662 0.472656 0.362442 0.472656 0.365369 0.47168 0.377076 0.47168 0.38293 0.469727 0.38293 0.46875 0.388783 0.466797 0.388783 0.46582 0.385856 0.46582 0.38293 0.464844
1 0.2922 0.316406 0.289273 0.317383 0.289273 0.322266 0.2922 0.323242 0.295127 0.323242 0.298054 0.322266 0.298054 0.320312 0.30098 0.319336 0.30098 0.317383 0.298054 0.317383 0.295127 0.316406
1 0.473659 0.621094 0.470732 0.62207 0.467806 0.62207 0.467806 0.623047 0.464879 0.624023 0.464879 0.62793 0.467806 0.628906 0.473659 0.628906 0.476586 0.62793 0.482439 0.62793 0.485366 0.626953 0.485366 0.625977 0.49122 0.624023 0.494146 0.624023 0.497073 0.623047 0.497073 0.62207 0.494146 0.621094
1 0.0814732 0.28125 0.0785465 0.282227 0.0785465 0.292969 0.0814732 0.293945 0.0814732 0.294922 0.0844 0.294922 0.0873267 0.295898 0.107814 0.295898 0.110741 0.294922 0.110741 0.293945 0.113668 0.292969 0.116594 0.292969 0.119521 0.291992 0.131228 0.291992 0.134155 0.291016 0.134155 0.285156 0.125375 0.282227 0.122448 0.282227 0.119521 0.28125
1 0.380003 0.832031 0.377076 0.833008 0.374149 0.833008 0.374149 0.833984 0.371223 0.834961 0.371223 0.84375 0.374149 0.844727 0.374149 0.845703 0.377076 0.845703 0.385856 0.842773 0.388783 0.842773 0.388783 0.841797 0.397563 0.838867 0.40049 0.838867 0.415124 0.833984 0.415124 0.833008 0.412197 0.832031
1 0.128301 0.578125 0.125375 0.579102 0.125375 0.583984 0.128301 0.584961 0.131228 0.584961 0.134155 0.583984 0.137082 0.583984 0.140008 0.583008 0.140008 0.581055 0.142935 0.580078 0.140008 0.579102 0.137082 0.579102 0.134155 0.578125
1 0.233665 0.0703125 0.230738 0.0712891 0.230738 0.0751953 0.236592 0.0771484 0.248299 0.0771484 0.251225 0.0761719 0.251225 0.0712891 0.248299 0.0703125
1 0.49122 0.851562 0.488293 0.852539 0.488293 0.857422 0.49122 0.858398 0.505853 0.858398 0.50878 0.857422 0.50878 0.852539 0.505853 0.851562
1 0.690239 0.246094 0.687313 0.24707 0.687313 0.251953 0.690239 0.25293 0.690239 0.253906 0.693166 0.253906 0.696093 0.25293 0.696093 0.251953 0.69902 0.250977 0.69902 0.25 0.704873 0.248047 0.704873 0.24707 0.69902 0.24707 0.696093 0.246094
1 0.0814732 0.878906 0.0785465 0.879883 0.0785465 0.880859 0.0814732 0.881836 0.0814732 0.882812 0.0844 0.883789 0.0931803 0.883789 0.096107 0.882812 0.0990338 0.882812 0.101961 0.881836 0.107814 0.881836 0.110741 0.880859 0.110741 0.879883 0.107814 0.878906
