1 0.5 0.410156 0.49707 0.411133 0.494141 0.411133 0.491211 0.412109 0.491211 0.413086 0.488281 0.414062 0.488281 0.416016 0.479492 0.418945 0.479492 0.419922 0.476563 0.420898 0.476563 0.427734 0.479492 0.428711 0.479492 0.429688 0.488281 0.429688 0.491211 0.428711 0.517578 0.428711 0.520508 0.427734 0.520508 0.422852 0.517578 0.421875 0.514648 0.421875 0.508789 0.419922 0.508789 0.411133 0.505859 0.410156
1 0.514648 0.789062 0.511719 0.790039 0.511719 0.798828 0.514648 0.799805 0.529297 0.799805 0.532227 0.798828 0.532227 0.796875 0.535156 0.795898 0.535156 0.793945 0.538086 0.792969 0.538086 0.791992 0.541016 0.791016 0.541016 0.790039 0.538086 0.790039 0.535156 0.789062
1 0.526367 0.511719 0.523438 0.512695 0.523438 0.525391 0.526367 0.526367 0.538086 0.526367 0.549805 0.522461 0.552734 0.522461 0.555664 0.521484 0.555664 0.515625 0.552734 0.514648 0.552734 0.513672 0.549805 0.512695 0.546875 0.512695 0.543945 0.511719
1 0.901367 0.0859375 0.898438 0.0869141 0.898438 0.0917969 0.901367 0.0927734 0.916016 0.0927734 0.918945 0.0917969 0.918945 0.0908203 0.921875 0.0898438 0.921875 0.0869141 0.918945 0.0869141 0.916016 0.0859375
1 0.350586 0.453125 0.347656 0.454102 0.347656 0.458984 0.350586 0.459961 0.365234 0.459961 0.374023 0.462891 0.388672 0.462891 0.388672 0.458984 0.385742 0.458008 0.382813 0.458008 0.379883 0.457031 0.376953 0.457031 0.365234 0.453125
1 0.0810547 0.34375 0.078125 0.344727 0.078125 0.351562 0.0810547 0.352539 0.0810547 0.353516 0.0839844 0.353516 0.0839844 0.352539 0.0869141 0.351562 0.0869141 0.350586 0.0898438 0.349609 0.0898438 0.348633 0.0927734 0.347656 0.0927734 0.34668 0.0957031 0.345703 0.0957031 0.344727 0.0898438 0.344727 0.0869141 0.34375
1 0.538086 0.65625 0.535156 0.657227 0.535156 0.662109 0.538086 0.663086 0.541016 0.663086 0.543945 0.662109 0.543945 0.657227 0.541016 0.65625
1 0.713867 0.0390625 0.710938 0.0400391 0.710938 0.0449219 0.713867 0.0458984 0.716797 0.0458984 0.719727 0.0449219 0.719727 0.0439453 0.728516 0.0410156 0.728516 0.0400391 0.725586 0.0400391 0.722656 0.0390625
1 0.842773 0.046875 0.839844 0.0478516 0.839844 0.0527344 0.842773 0.0537109 0.845703 0.0537109 0.848633 0.0527344 0.848633 0.0498047 0.851562 0.0488281 0.845703 0.046875
1 0.0693359 0.367188 0.0664062 0.368164 0.0664062 0.376953 0.0693359 0.37793 0.0839844 0.37793 0.0869141 0.376953 0.0869141 0.368164 0.0839844 0.367188
1 0.327148 0.25 0.324219 0.250977 0.324219 0.261719 0.327148 0.262695 0.327148 0.263672 0.330078 0.263672 0.333008 0.264648 0.338867 0.264648 0.350586 0.260742 0.353516 0.260742 0.356445 0.259766 0.356445 0.250977 0.353516 0.25
1 0.12793 0.109375 0.125 0.110352 0.125 0.115234 0.12793 0.116211 0.133789 0.116211 0.136719 0.115234 0.136719 0.113281 0.139648 0.112305 0.139648 0.110352 0.136719 0.110352 0.133789 0.109375
1 0.0927734 0.296875 0.0898438 0.297852 0.0898438 0.310547 0.0927734 0.311523 0.107422 0.311523 0.110352 0.310547 0.110352 0.30957 0.116211 0.307617 0.119141 0.307617 0.119141 0.306641 0.12207 0.305664 0.113281 0.302734 0.113281 0.301758 0.110352 0.300781 0.110352 0.297852 0.107422 0.296875
1 0.620117 0.636719 0.617188 0.637695 0.617188 0.642578 0.620117 0.643555 0.631836 0.643555 0.637695 0.641602 0.637695 0.637695 0.634766 0.636719
1 0.620117 0.0546875 0.608398 0.0585938 0.599609 0.0585938 0.59375 0.0605469 0.59375 0.0722656 0.59668 0.0732422 0.599609 0.0732422 0.602539 0.0742188 0.605469 0.0742188 0.617188 0.078125 0.617188 0.0791016 0.620117 0.0800781 0.620117 0.0810547 0.628906 0.0810547 0.631836 0.0800781 0.634766 0.0810547 0.649414 0.0810547 0.652344 0.0820312 0.658203 0.0820312 0.661133 0.0810547 0.661133 0.0800781 0.669922 0.0771484 0.678711 0.0771484 0.68457 0.0751953 0.672852 0.0712891 0.672852 0.0703125 0.666992 0.0683594 0.666992 0.0673828 0.669922 0.0664062 0.672852 0.0664062 0.675781 0.0654297 0.681641 0.0654297 0.68457 0.0644531 0.68457 0.0595703 0.681641 0.0585938 0.652344 0.0585938 0.649414 0.0576172 0.643555 0.0576172 0.640625 0.0566406 0.640625 0.0556641 0.637695 0.0556641 0.634766 0.0546875
1 0.889648 0.195312 0.886719 0.196289 0.886719 0.205078 0.889648 0.206055 0.892578 0.206055 0.895508 0.205078 0.898438 0.205078 0.910156 0.201172 0.910156 0.199219 0.907227 0.198242 0.907227 0.196289 0.904297 0.195312
1 0.526367 0.453125 0.523438 0.454102 0.523438 0.455078 0.526367 0.456055 0.526367 0.457031 0.541016 0.457031 0.543945 0.456055 0.543945 0.454102 0.541016 0.453125
1 0.795898 0.125 0.792969 0.125977 0.792969 0.12793 0.795898 0.128906 0.798828 0.128906 0.804688 0.126953 0.804688 0.125977 0.801758 0.125977 0.798828 0.125
1 0.936523 0.316406 0.933594 0.317383 0.933594 0.318359 0.936523 0.319336 0.951172 0.319336 0.954102 0.318359 0.954102 0.317383 0.951172 0.316406
1 0.842773 0.40625 0.839844 0.407227 0.839844 0.412109 0.842773 0.413086 0.857422 0.413086 0.860352 0.412109 0.860352 0.407227 0.857422 0.40625
