1 0.456025 0.25 0.453094 0.250977 0.453094 0.255859 0.456025 0.256836 0.48241 0.256836 0.485342 0.255859 0.488273 0.255859 0.488273 0.25293 0.491205 0.251953 0.485342 0.25
1 0.373939 0.808594 0.371008 0.80957 0.371008 0.818359 0.373939 0.819336 0.388598 0.819336 0.403256 0.814453 0.403256 0.813477 0.400324 0.8125 0.397393 0.8125 0.391529 0.810547 0.391529 0.80957 0.388598 0.808594
1 0.0925017 0.429688 0.08957 0.430664 0.08957 0.439453 0.0925017 0.44043 0.104228 0.44043 0.110092 0.438477 0.110092 0.4375 0.118886 0.43457 0.118886 0.432617 0.121818 0.431641 0.121818 0.430664 0.118886 0.429688
1 0.479479 0.8125 0.476547 0.813477 0.476547 0.818359 0.479479 0.819336 0.48241 0.819336 0.488273 0.821289 0.488273 0.822266 0.491205 0.823242 0.494137 0.823242 0.497068 0.822266 0.497068 0.816406 0.494137 0.81543 0.491205 0.81543 0.488273 0.814453 0.488273 0.813477 0.485342 0.813477 0.48241 0.8125
1 0.385666 0.964844 0.382734 0.96582 0.382734 0.970703 0.388598 0.972656 0.391529 0.972656 0.394461 0.973633 0.394461 0.974609 0.397393 0.975586 0.412051 0.975586 0.414982 0.974609 0.414982 0.972656 0.417914 0.97168 0.417914 0.966797 0.412051 0.964844
1 0.620197 0.453125 0.617266 0.454102 0.617266 0.462891 0.620197 0.463867 0.646582 0.463867 0.652445 0.461914 0.652445 0.458008 0.649514 0.457031 0.649514 0.454102 0.646582 0.453125
1 0.620197 0.425781 0.617266 0.426758 0.617266 0.431641 0.620197 0.432617 0.628992 0.432617 0.631924 0.431641 0.634856 0.431641 0.637787 0.430664 0.637787 0.429688 0.64365 0.427734 0.64365 0.426758 0.640719 0.426758 0.637787 0.425781
1 0.596744 0.0117188 0.593813 0.0126953 0.593813 0.0166016 0.599676 0.0185547 0.611402 0.0185547 0.614334 0.0175781 0.614334 0.0126953 0.611402 0.0117188
1 0.502932 0.492188 0.5 0.493164 0.5 0.495117 0.502932 0.496094 0.502932 0.49707 0.505863 0.49707 0.505863 0.496094 0.508795 0.495117 0.508795 0.493164 0.505863 0.492188
1 0.362213 0.308594 0.359281 0.30957 0.359281 0.313477 0.365144 0.31543 0.382734 0.31543 0.385666 0.314453 0.388598 0.314453 0.388598 0.313477 0.391529 0.3125 0.391529 0.30957 0.388598 0.308594
1 0.913362 0.0078125 0.91043 0.00878906 0.91043 0.00976562 0.898703 0.0136719 0.898703 0.0214844 0.901635 0.0224609 0.92802 0.0224609 0.930951 0.0214844 0.930951 0.0136719 0.92802 0.0126953 0.92802 0.0117188 0.925088 0.0117188 0.922157 0.0107422 0.922157 0.00976562 0.916293 0.0078125
1 0.94561 0.65625 0.936815 0.65918 0.936815 0.660156 0.933883 0.661133 0.933883 0.663086 0.936815 0.664062 0.936815 0.666016 0.939746 0.666016 0.94561 0.664062 0.948541 0.664062 0.951473 0.663086 0.9632 0.663086 0.966131 0.662109 0.966131 0.657227 0.9632 0.65625
1 0.467752 0.773438 0.46482 0.774414 0.46482 0.779297 0.467752 0.780273 0.473615 0.780273 0.48241 0.777344 0.48241 0.776367 0.485342 0.775391 0.485342 0.774414 0.48241 0.773438
1 0.655377 0.347656 0.652445 0.348633 0.652445 0.352539 0.655377 0.353516 0.658309 0.353516 0.66124 0.352539 0.66124 0.351562 0.667104 0.349609 0.66124 0.347656
1 0.925088 0.8125 0.922157 0.813477 0.922157 0.820312 0.925088 0.821289 0.925088 0.822266 0.92802 0.822266 0.936815 0.819336 0.939746 0.819336 0.942678 0.818359 0.942678 0.813477 0.939746 0.8125
1 0.162861 0.0859375 0.159929 0.0869141 0.159929 0.0917969 0.162861 0.0927734 0.174588 0.0927734 0.180451 0.0908203 0.180451 0.0869141 0.177519 0.0859375
1 0.362213 0.769531 0.359281 0.770508 0.359281 0.775391 0.362213 0.776367 0.365144 0.776367 0.368076 0.775391 0.368076 0.774414 0.376871 0.771484 0.376871 0.770508 0.373939 0.769531
