1 0.50293 0.929688 0.5 0.930664 0.5 0.935547 0.50293 0.936523 0.517578 0.936523 0.520508 0.935547 0.520508 0.930664 0.517578 0.929688
1 0.491211 0.0703125 0.488281 0.0712891 0.488281 0.0761719 0.491211 0.0771484 0.49707 0.0771484 0.5 0.078125 0.511719 0.078125 0.514648 0.0771484 0.517578 0.0771484 0.520508 0.0761719 0.520508 0.0712891 0.517578 0.0703125
1 0.50293 0.644531 0.5 0.645508 0.5 0.647461 0.50293 0.648438 0.50293 0.649414 0.505859 0.649414 0.508789 0.648438 0.511719 0.648438 0.514648 0.647461 0.517578 0.647461 0.520508 0.646484 0.514648 0.644531
1 0.508789 0.429688 0.505859 0.430664 0.50293 0.430664 0.50293 0.432617 0.5 0.433594 0.5 0.443359 0.50293 0.444336 0.511719 0.444336 0.514648 0.443359 0.517578 0.443359 0.517578 0.439453 0.526367 0.436523 0.529297 0.436523 0.532227 0.435547 0.532227 0.430664 0.529297 0.429688
1 0.766602 0.480469 0.763672 0.481445 0.760742 0.481445 0.760742 0.482422 0.757812 0.483398 0.757812 0.494141 0.760742 0.495117 0.760742 0.496094 0.766602 0.498047 0.769531 0.498047 0.772461 0.499023 0.775391 0.499023 0.77832 0.498047 0.77832 0.49707 0.78418 0.495117 0.787109 0.495117 0.790039 0.494141 0.790039 0.492188 0.787109 0.491211 0.787109 0.486328 0.790039 0.485352 0.790039 0.481445 0.787109 0.480469
1 0.444336 0.957031 0.441406 0.958008 0.441406 0.966797 0.444336 0.967773 0.458984 0.967773 0.461914 0.966797 0.461914 0.964844 0.464844 0.963867 0.464844 0.962891 0.467773 0.961914 0.467773 0.958984 0.461914 0.957031
1 0.365234 0.0507812 0.359375 0.0527344 0.359375 0.0683594 0.362305 0.0693359 0.385742 0.0693359 0.388672 0.0683594 0.391602 0.0683594 0.391602 0.0673828 0.397461 0.0654297 0.400391 0.0654297 0.40332 0.0644531 0.40332 0.0595703 0.394531 0.0566406 0.394531 0.0537109 0.391602 0.0527344 0.391602 0.0517578 0.388672 0.0507812
1 0.338867 0.0195312 0.335938 0.0205078 0.335938 0.0371094 0.338867 0.0380859 0.353516 0.0380859 0.359375 0.0400391 0.359375 0.0410156 0.362305 0.0419922 0.365234 0.0419922 0.376953 0.0458984 0.382813 0.0458984 0.385742 0.0449219 0.388672 0.0449219 0.388672 0.0361328 0.391602 0.0351562 0.394531 0.0351562 0.397461 0.0341797 0.400391 0.0341797 0.40332 0.0332031 0.40332 0.0283203 0.400391 0.0273438 0.394531 0.0273438 0.391602 0.0263672 0.388672 0.0263672 0.382813 0.0244141 0.382813 0.0224609 0.379883 0.0214844 0.379883 0.0205078 0.376953 0.0195312 0.365234 0.0195312 0.362305 0.0205078 0.359375 0.0205078 0.353516 0.0224609 0.350586 0.0224609 0.347656 0.0214844 0.347656 0.0205078 0.344727 0.0205078 0.341797 0.0195312
1 0.233398 0.3125 0.230469 0.313477 0.230469 0.318359 0.233398 0.319336 0.248047 0.319336 0.250977 0.318359 0.250977 0.313477 0.248047 0.3125
1 0.889648 0.140625 0.886719 0.141602 0.886719 0.146484 0.889648 0.147461 0.892578 0.147461 0.895508 0.146484 0.895508 0.145508 0.901367 0.143555 0.904297 0.143555 0.907227 0.142578 0.907227 0.141602 0.904297 0.140625
1 0.338867 0.949219 0.335938 0.950195 0.335938 0.958984 0.338867 0.959961 0.353516 0.959961 0.356445 0.958984 0.356445 0.950195 0.353516 0.949219
1 0.50293 0.699219 0.5 0.700195 0.5 0.705078 0.50293 0.706055 0.505859 0.706055 0.511719 0.704102 0.511719 0.703125 0.514648 0.702148 0.517578 0.702148 0.520508 0.701172 0.520508 0.700195 0.517578 0.699219
1 0.69043 0.839844 0.6875 0.84082 0.6875 0.845703 0.69043 0.84668 0.702148 0.84668 0.708008 0.844727 0.708008 0.841797 0.702148 0.839844
1 0.904297 0.0273438 0.898438 0.0292969 0.898438 0.0410156 0.901367 0.0419922 0.916016 0.0419922 0.927734 0.0380859 0.930664 0.0380859 0.933594 0.0371094 0.933594 0.0322266 0.930664 0.03125 0.930664 0.0292969 0.924805 0.0273438
1 0.889648 0.785156 0.886719 0.786133 0.886719 0.798828 0.889648 0.799805 0.907227 0.799805 0.910156 0.798828 0.913086 0.798828 0.916016 0.797852 0.916016 0.796875 0.918945 0.795898 0.918945 0.794922 0.921875 0.793945 0.918945 0.792969 0.918945 0.790039 0.916016 0.789062 0.916016 0.788086 0.910156 0.786133 0.907227 0.786133 0.904297 0.785156
1 0.573242 0.1875 0.570312 0.188477 0.570312 0.192383 0.573242 0.193359 0.576172 0.193359 0.579102 0.192383 0.579102 0.191406 0.582031 0.19043 0.582031 0.188477 0.579102 0.188477 0.576172 0.1875
1 0.0693359 0.714844 0.0664062 0.71582 0.0664062 0.720703 0.0693359 0.72168 0.0722656 0.72168 0.0751953 0.720703 0.0751953 0.719727 0.0839844 0.716797 0.0839844 0.71582 0.0810547 0.714844
1 0.913086 0.828125 0.910156 0.829102 0.910156 0.833984 0.913086 0.834961 0.916016 0.834961 0.930664 0.830078 0.930664 0.829102 0.927734 0.828125
1 0.0576172 0.617188 0.0546875 0.618164 0.0546875 0.623047 0.0576172 0.624023 0.0605469 0.624023 0.0634766 0.623047 0.0634766 0.618164 0.0605469 0.617188
1 0.608398 0.785156 0.605469 0.786133 0.605469 0.794922 0.608398 0.795898 0.611328 0.795898 0.614258 0.794922 0.617188 0.794922 0.623047 0.792969 0.625977 0.792969 0.628906 0.791992 0.634766 0.791992 0.640625 0.790039 0.640625 0.789062 0.643555 0.788086 0.646484 0.788086 0.646484 0.786133 0.643555 0.785156
1 0.772461 0.902344 0.769531 0.90332 0.769531 0.904297 0.772461 0.905273 0.78418 0.905273 0.787109 0.904297 0.787109 0.90332 0.78418 0.902344
