1 0.409089 0.644531 0.406156 0.645508 0.400291 0.645508 0.397358 0.646484 0.394426 0.646484 0.391493 0.647461 0.385628 0.647461 0.385628 0.648438 0.382695 0.649414 0.382695 0.655273 0.38856 0.657227 0.391493 0.657227 0.394426 0.658203 0.400291 0.658203 0.400291 0.657227 0.403224 0.65625 0.406156 0.65625 0.409089 0.655273 0.412021 0.655273 0.426684 0.650391 0.426684 0.649414 0.414954 0.645508 0.412021 0.645508
1 0.456011 0.359375 0.453078 0.360352 0.453078 0.369141 0.456011 0.370117 0.482404 0.370117 0.485337 0.369141 0.485337 0.364258 0.470674 0.359375
1 0.620237 0.636719 0.617305 0.637695 0.617305 0.646484 0.620237 0.647461 0.658361 0.647461 0.664227 0.645508 0.664227 0.644531 0.667159 0.643555 0.667159 0.641602 0.664227 0.640625 0.664227 0.639648 0.661294 0.638672 0.661294 0.637695 0.658361 0.636719
1 0.362167 0.664062 0.359234 0.665039 0.359234 0.677734 0.362167 0.678711 0.365099 0.678711 0.368032 0.677734 0.370965 0.677734 0.37683 0.675781 0.379763 0.675781 0.382695 0.674805 0.385628 0.674805 0.38856 0.673828 0.38856 0.672852 0.391493 0.671875 0.391493 0.668945 0.37683 0.664062
1 0.233132 0.101562 0.230199 0.102539 0.230199 0.107422 0.233132 0.108398 0.250727 0.108398 0.25366 0.107422 0.256593 0.107422 0.259525 0.106445 0.259525 0.104492 0.262458 0.103516 0.262458 0.102539 0.259525 0.101562
1 0.456011 0.304688 0.453078 0.305664 0.453078 0.30957 0.458943 0.311523 0.485337 0.311523 0.48827 0.310547 0.48827 0.308594 0.485337 0.307617 0.485337 0.306641 0.479472 0.304688
1 0.749273 0.304688 0.74634 0.305664 0.74634 0.318359 0.749273 0.319336 0.749273 0.320312 0.752205 0.321289 0.755138 0.320312 0.763936 0.320312 0.766868 0.319336 0.775666 0.319336 0.778599 0.318359 0.778599 0.314453 0.775666 0.313477 0.775666 0.3125 0.772734 0.311523 0.772734 0.30957 0.775666 0.308594 0.775666 0.307617 0.778599 0.306641 0.772734 0.304688
1 0.385628 0.265625 0.382695 0.266602 0.382695 0.279297 0.385628 0.280273 0.38856 0.280273 0.391493 0.279297 0.394426 0.279297 0.400291 0.277344 0.400291 0.276367 0.403224 0.275391 0.403224 0.270508 0.400291 0.269531 0.400291 0.268555 0.394426 0.266602 0.391493 0.266602 0.38856 0.265625
1 0.420819 0.542969 0.417887 0.543945 0.417887 0.552734 0.420819 0.553711 0.420819 0.554688 0.43255 0.554688 0.438415 0.552734 0.438415 0.550781 0.435482 0.549805 0.435482 0.547852 0.43255 0.546875 0.43255 0.545898 0.429617 0.544922 0.429617 0.543945 0.426684 0.543945 0.423752 0.542969
1 0.467741 0.640625 0.464809 0.641602 0.464809 0.645508 0.470674 0.647461 0.482404 0.647461 0.485337 0.646484 0.48827 0.646484 0.48827 0.641602 0.485337 0.641602 0.482404 0.640625
1 0.737542 0.949219 0.73461 0.950195 0.73461 0.955078 0.737542 0.956055 0.737542 0.957031 0.752205 0.957031 0.761003 0.954102 0.758071 0.953125 0.758071 0.951172 0.752205 0.949219
1 0.104096 0.1875 0.101164 0.188477 0.101164 0.201172 0.104096 0.202148 0.107029 0.202148 0.118759 0.206055 0.127557 0.206055 0.133422 0.204102 0.133422 0.203125 0.139288 0.201172 0.139288 0.200195 0.136355 0.200195 0.124625 0.196289 0.124625 0.195312 0.121692 0.194336 0.121692 0.188477 0.118759 0.1875
1 0.761003 0.609375 0.758071 0.610352 0.758071 0.611328 0.761003 0.612305 0.775666 0.612305 0.778599 0.613281 0.781532 0.613281 0.784464 0.614258 0.787397 0.614258 0.796195 0.611328 0.799127 0.611328 0.799127 0.610352 0.796195 0.610352 0.793262 0.609375
1 0.244862 0.0625 0.241929 0.0634766 0.241929 0.0771484 0.244862 0.078125 0.244862 0.0791016 0.250727 0.0791016 0.25366 0.078125 0.256593 0.078125 0.262458 0.0761719 0.262458 0.0751953 0.271256 0.0722656 0.271256 0.0683594 0.26539 0.0664062 0.26539 0.0654297 0.262458 0.0644531 0.262458 0.0634766 0.259525 0.0625
1 0.18621 0.421875 0.183277 0.422852 0.183277 0.427734 0.18621 0.428711 0.189142 0.428711 0.192075 0.427734 0.192075 0.426758 0.19794 0.424805 0.200873 0.424805 0.203805 0.423828 0.203805 0.422852 0.200873 0.421875
1 0.174479 0.898438 0.171547 0.899414 0.171547 0.900391 0.174479 0.901367 0.174479 0.902344 0.180344 0.902344 0.183277 0.901367 0.189142 0.901367 0.192075 0.900391 0.192075 0.899414 0.189142 0.898438
1 0.44428 0.785156 0.441348 0.786133 0.441348 0.791016 0.44428 0.791992 0.44428 0.798828 0.450145 0.798828 0.453078 0.799805 0.502933 0.799805 0.514663 0.795898 0.517596 0.795898 0.520528 0.794922 0.520528 0.787109 0.514663 0.785156
1 0.209671 0.722656 0.206738 0.723633 0.206738 0.735352 0.209671 0.736328 0.215536 0.736328 0.218468 0.735352 0.221401 0.735352 0.224334 0.734375 0.224334 0.725586 0.227266 0.724609 0.221401 0.722656
1 0.385628 0.640625 0.382695 0.641602 0.382695 0.642578 0.385628 0.643555 0.385628 0.644531 0.391493 0.644531 0.394426 0.645508 0.394426 0.646484 0.391493 0.647461 0.385628 0.647461 0.385628 0.648438 0.382695 0.649414 0.382695 0.654297 0.385628 0.655273 0.385628 0.65625 0.38856 0.657227 0.391493 0.657227 0.394426 0.658203 0.400291 0.658203 0.409089 0.655273 0.412021 0.655273 0.414954 0.654297 0.417887 0.654297 0.417887 0.65332 0.420819 0.652344 0.423752 0.652344 0.423752 0.651367 0.426684 0.650391 0.426684 0.649414 0.412021 0.644531 0.409089 0.644531 0.403224 0.642578 0.403224 0.641602 0.400291 0.640625
1 0.203805 0.351562 0.200873 0.352539 0.19794 0.352539 0.19794 0.353516 0.195008 0.354492 0.195008 0.360352 0.200873 0.362305 0.215536 0.357422 0.215536 0.355469 0.218468 0.354492 0.218468 0.352539 0.215536 0.352539 0.212603 0.351562
1 0.236064 0.292969 0.230199 0.294922 0.236064 0.296875 0.238997 0.296875 0.244862 0.298828 0.25366 0.298828 0.256593 0.299805 0.262458 0.297852 0.262458 0.296875 0.268323 0.294922 0.268323 0.293945 0.26539 0.293945 0.262458 0.292969
1 0.397358 0.773438 0.394426 0.774414 0.394426 0.77832 0.385628 0.78125 0.379763 0.78125 0.362167 0.787109 0.362167 0.795898 0.359234 0.796875 0.359234 0.806641 0.362167 0.807617 0.365099 0.807617 0.37683 0.803711 0.397358 0.803711 0.400291 0.802734 0.403224 0.802734 0.412021 0.799805 0.423752 0.799805 0.426684 0.798828 0.429617 0.798828 0.43255 0.797852 0.43255 0.796875 0.429617 0.795898 0.429617 0.793945 0.43255 0.792969 0.438415 0.792969 0.441348 0.793945 0.441348 0.796875 0.438415 0.797852 0.44428 0.797852 0.447213 0.798828 0.453078 0.798828 0.456011 0.799805 0.5 0.799805 0.502933 0.798828 0.505865 0.798828 0.514663 0.795898 0.517596 0.795898 0.520528 0.794922 0.520528 0.787109 0.514663 0.785156 0.505865 0.785156 0.502933 0.78418 0.497067 0.78418 0.494135 0.783203 0.482404 0.783203 0.479472 0.78418 0.476539 0.78418 0.473606 0.785156 0.423752 0.785156 0.414954 0.782227 0.414954 0.774414 0.412021 0.773438
1 0.761003 0.65625 0.758071 0.657227 0.758071 0.660156 0.761003 0.661133 0.761003 0.662109 0.763936 0.662109 0.769801 0.660156 0.772734 0.660156 0.775666 0.65918 0.778599 0.65918 0.778599 0.657227 0.775666 0.65625
1 0.209671 0.15625 0.206738 0.157227 0.206738 0.160156 0.209671 0.161133 0.209671 0.162109 0.215536 0.162109 0.221401 0.160156 0.224334 0.160156 0.224334 0.15918 0.227266 0.158203 0.221401 0.15625
1 0.667159 0.351562 0.664227 0.352539 0.664227 0.357422 0.667159 0.358398 0.684755 0.358398 0.687688 0.357422 0.687688 0.354492 0.684755 0.353516 0.684755 0.352539 0.681822 0.351562
1 0.913499 0.625 0.910567 0.625977 0.910567 0.633789 0.913499 0.634766 0.916432 0.634766 0.92523 0.631836 0.928163 0.631836 0.931095 0.630859 0.931095 0.625977 0.928163 0.625
1 0.549855 0.460938 0.546922 0.461914 0.546922 0.466797 0.549855 0.467773 0.552787 0.467773 0.55572 0.466797 0.558652 0.466797 0.564518 0.464844 0.564518 0.463867 0.56745 0.462891 0.56745 0.461914 0.564518 0.460938
1 0.115827 0.0351562 0.112894 0.0361328 0.112894 0.0478516 0.118759 0.0498047 0.121692 0.0498047 0.127557 0.0517578 0.13049 0.0517578 0.133422 0.0507812 0.136355 0.0507812 0.139288 0.0498047 0.148086 0.0498047 0.151018 0.0488281 0.153951 0.0488281 0.153951 0.0478516 0.156883 0.046875 0.156883 0.0458984 0.159816 0.0449219 0.159816 0.0439453 0.156883 0.0429688 0.156883 0.0400391 0.153951 0.0390625 0.151018 0.0390625 0.139288 0.0351562
1 0.667159 0.03125 0.664227 0.0322266 0.664227 0.0390625 0.667159 0.0400391 0.667159 0.0410156 0.670092 0.0419922 0.673025 0.0419922 0.675957 0.0429688 0.675957 0.0439453 0.67889 0.0449219 0.693553 0.0449219 0.693553 0.0439453 0.696486 0.0429688 0.696486 0.0361328 0.693553 0.0351562 0.693553 0.0341797 0.684755 0.03125
1 0.655429 0.601562 0.652496 0.602539 0.652496 0.611328 0.655429 0.612305 0.661294 0.612305 0.664227 0.611328 0.667159 0.611328 0.675957 0.608398 0.675957 0.607422 0.681822 0.605469 0.681822 0.604492 0.684755 0.603516 0.684755 0.602539 0.681822 0.601562
1 0.362167 0.703125 0.359234 0.704102 0.359234 0.712891 0.362167 0.713867 0.391493 0.713867 0.394426 0.712891 0.397358 0.712891 0.397358 0.711914 0.394426 0.710938 0.394426 0.708984 0.391493 0.708008 0.391493 0.704102 0.38856 0.703125
1 0.139288 0.125 0.136355 0.125977 0.136355 0.130859 0.139288 0.131836 0.145153 0.131836 0.148086 0.130859 0.153951 0.130859 0.153951 0.129883 0.156883 0.128906 0.156883 0.125977 0.153951 0.125
1 0.502933 0.195312 0.5 0.196289 0.5 0.203125 0.502933 0.204102 0.502933 0.205078 0.505865 0.205078 0.514663 0.202148 0.517596 0.202148 0.517596 0.201172 0.520528 0.200195 0.520528 0.199219 0.523461 0.198242 0.523461 0.196289 0.520528 0.196289 0.517596 0.195312
1 0.467741 0.925781 0.464809 0.926758 0.464809 0.928711 0.467741 0.929688 0.467741 0.930664 0.476539 0.933594 0.476539 0.93457 0.479472 0.935547 0.482404 0.935547 0.482404 0.93457 0.485337 0.933594 0.485337 0.932617 0.494135 0.929688 0.494135 0.928711 0.497067 0.927734 0.497067 0.926758 0.494135 0.925781
1 0.104096 0.894531 0.101164 0.895508 0.101164 0.899414 0.107029 0.901367 0.109962 0.900391 0.109962 0.899414 0.118759 0.896484 0.118759 0.895508 0.115827 0.894531
1 0.397358 0.773438 0.394426 0.774414 0.394426 0.77832 0.385628 0.78125 0.382695 0.78125 0.379763 0.782227 0.37683 0.782227 0.365099 0.786133 0.362167 0.786133 0.362167 0.789062 0.359234 0.790039 0.362167 0.791016 0.362167 0.795898 0.359234 0.796875 0.359234 0.806641 0.362167 0.807617 0.365099 0.807617 0.37683 0.803711 0.400291 0.803711 0.409089 0.800781 0.412021 0.800781 0.414954 0.799805 0.426684 0.799805 0.429617 0.798828 0.43255 0.798828 0.435482 0.797852 0.438415 0.798828 0.44428 0.798828 0.447213 0.797852 0.447213 0.791992 0.450145 0.791016 0.450145 0.786133 0.447213 0.785156 0.423752 0.785156 0.414954 0.782227 0.414954 0.774414 0.412021 0.773438
1 0.233132 0.101562 0.230199 0.102539 0.230199 0.107422 0.233132 0.108398 0.250727 0.108398 0.25366 0.107422 0.256593 0.107422 0.259525 0.106445 0.259525 0.104492 0.262458 0.103516 0.256593 0.101562
1 0.362167 0.425781 0.359234 0.426758 0.359234 0.431641 0.362167 0.432617 0.382695 0.432617 0.385628 0.433594 0.391493 0.431641 0.391493 0.429688 0.394426 0.428711 0.394426 0.427734 0.38856 0.425781
1 0.139288 0.613281 0.136355 0.614258 0.136355 0.615234 0.139288 0.616211 0.153951 0.616211 0.156883 0.615234 0.156883 0.614258 0.153951 0.613281
1 0.831386 0.0507812 0.828453 0.0517578 0.828453 0.0527344 0.831386 0.0537109 0.854847 0.0537109 0.85778 0.0527344 0.85778 0.0517578 0.854847 0.0507812
