1 0.538099 0.703125 0.535168 0.704102 0.535168 0.712891 0.538099 0.713867 0.546891 0.713867 0.549821 0.714844 0.555683 0.714844 0.558613 0.713867 0.564475 0.713867 0.567405 0.712891 0.567405 0.711914 0.564475 0.710938 0.564475 0.709961 0.558613 0.708008 0.558613 0.707031 0.555683 0.706055 0.555683 0.704102 0.552752 0.703125
1 0.842888 0.667969 0.839957 0.668945 0.839957 0.673828 0.842888 0.674805 0.845818 0.674805 0.85168 0.676758 0.85168 0.677734 0.85461 0.678711 0.869264 0.678711 0.872194 0.677734 0.872194 0.673828 0.875125 0.672852 0.875125 0.669922 0.869264 0.667969
1 0.842888 0.277344 0.839957 0.27832 0.839957 0.287109 0.842888 0.288086 0.857541 0.288086 0.860472 0.287109 0.860472 0.286133 0.866333 0.28418 0.869264 0.28418 0.880986 0.280273 0.880986 0.27832 0.878056 0.277344
1 0.667048 0.648438 0.664117 0.649414 0.664117 0.658203 0.667048 0.65918 0.669978 0.65918 0.672909 0.658203 0.672909 0.65625 0.67584 0.655273 0.67584 0.651367 0.672909 0.650391 0.672909 0.649414 0.669978 0.648438
1 0.655325 0.605469 0.652395 0.606445 0.652395 0.614258 0.667048 0.619141 0.672909 0.619141 0.672909 0.618164 0.67877 0.616211 0.681701 0.616211 0.684632 0.615234 0.684632 0.607422 0.67877 0.605469
1 0.831165 0.15625 0.828234 0.157227 0.828234 0.162109 0.834096 0.164062 0.837026 0.164062 0.839957 0.163086 0.845818 0.163086 0.848749 0.162109 0.848749 0.157227 0.845818 0.15625
1 0.819442 0.546875 0.816512 0.547852 0.816512 0.552734 0.819442 0.553711 0.845818 0.553711 0.848749 0.552734 0.848749 0.551758 0.834096 0.546875
1 0.561544 0.371094 0.558613 0.37207 0.558613 0.380859 0.561544 0.381836 0.576197 0.381836 0.579128 0.380859 0.579128 0.375977 0.576197 0.375 0.576197 0.374023 0.570336 0.37207 0.567405 0.37207 0.564475 0.371094
1 0.924946 0.214844 0.922016 0.21582 0.922016 0.227539 0.927877 0.229492 0.9396 0.229492 0.954253 0.224609 0.954253 0.222656 0.951322 0.22168 0.951322 0.220703 0.945461 0.21875 0.945461 0.217773 0.94253 0.216797 0.94253 0.21582 0.9396 0.214844
1 0.174696 0.65625 0.171766 0.657227 0.171766 0.662109 0.174696 0.663086 0.177627 0.663086 0.180558 0.662109 0.183488 0.662109 0.183488 0.661133 0.19228 0.658203 0.19228 0.657227 0.18935 0.65625
1 0.913224 0.0390625 0.910293 0.0400391 0.910293 0.0488281 0.913224 0.0498047 0.933738 0.0498047 0.936669 0.0507812 0.9396 0.0507812 0.94253 0.0498047 0.951322 0.0498047 0.954253 0.0488281 0.954253 0.0400391 0.951322 0.0390625
1 0.842888 0.472656 0.839957 0.473633 0.839957 0.478516 0.842888 0.479492 0.845818 0.479492 0.848749 0.478516 0.848749 0.475586 0.85168 0.474609 0.845818 0.472656
1 0.538099 0.855469 0.535168 0.856445 0.535168 0.861328 0.538099 0.862305 0.541029 0.862305 0.54396 0.861328 0.546891 0.861328 0.546891 0.860352 0.549821 0.859375 0.549821 0.858398 0.552752 0.857422 0.552752 0.856445 0.546891 0.856445 0.54396 0.855469
1 0.116083 0.015625 0.113152 0.0166016 0.113152 0.0214844 0.116083 0.0224609 0.130736 0.0224609 0.133667 0.0214844 0.136598 0.0214844 0.136598 0.0185547 0.133667 0.0175781 0.133667 0.0166016 0.130736 0.015625
1 0.936669 0.6875 0.933738 0.688477 0.933738 0.701172 0.936669 0.702148 0.951322 0.702148 0.954253 0.701172 0.954253 0.700195 0.960114 0.698242 0.963045 0.698242 0.965976 0.697266 0.965976 0.692383 0.963045 0.691406 0.960114 0.691406 0.954253 0.689453 0.954253 0.688477 0.951322 0.6875
1 0.573267 0.0390625 0.570336 0.0400391 0.570336 0.0410156 0.573267 0.0419922 0.58792 0.0419922 0.590851 0.0410156 0.590851 0.0400391 0.58792 0.0390625
1 0.667048 0.648438 0.664117 0.649414 0.664117 0.658203 0.667048 0.65918 0.669978 0.65918 0.672909 0.658203 0.672909 0.65625 0.67584 0.655273 0.67584 0.651367 0.672909 0.650391 0.672909 0.649414 0.669978 0.648438
1 0.0135098 0.686523 0.00764844 0.688477 0.00764844 0.697266 0.0105791 0.698242 0.0223018 0.698242 0.0281631 0.696289 0.0281631 0.692383 0.0252324 0.691406 0.0252324 0.69043
1 0.831165 0.472656 0.828234 0.473633 0.828234 0.478516 0.831165 0.479492 0.845818 0.479492 0.848749 0.478516 0.848749 0.475586 0.85168 0.474609 0.845818 0.472656
1 0.866333 0.410156 0.863402 0.411133 0.863402 0.416016 0.866333 0.416992 0.878056 0.416992 0.883917 0.415039 0.883917 0.411133 0.880986 0.410156
