1 0.467741 0.773438 0.464809 0.774414 0.464809 0.783203 0.467741 0.78418 0.473606 0.78418 0.476539 0.785156 0.485337 0.785156 0.48827 0.78418 0.494135 0.78418 0.497067 0.783203 0.497067 0.77832 0.494135 0.777344 0.48827 0.777344 0.485337 0.776367 0.482404 0.776367 0.476539 0.774414 0.473606 0.774414 0.470674 0.773438
1 0.174479 0.957031 0.171547 0.958008 0.171547 0.966797 0.174479 0.967773 0.19794 0.967773 0.200873 0.966797 0.203805 0.966797 0.203805 0.960938 0.200873 0.959961 0.19794 0.959961 0.195008 0.958984 0.195008 0.958008 0.192075 0.958008 0.189142 0.957031
1 0.209671 0.6875 0.206738 0.688477 0.206738 0.692383 0.212603 0.694336 0.215536 0.693359 0.221401 0.693359 0.233132 0.689453 0.233132 0.688477 0.230199 0.688477 0.227266 0.6875
1 0.0923658 0.941406 0.0894332 0.942383 0.0894332 0.951172 0.0923658 0.952148 0.107029 0.952148 0.121692 0.947266 0.121692 0.944336 0.124625 0.943359 0.118759 0.941406
1 0.901769 0.359375 0.898836 0.360352 0.898836 0.366211 0.901769 0.367188 0.901769 0.368164 0.904702 0.369141 0.910567 0.367188 0.913499 0.367188 0.919365 0.365234 0.919365 0.360352 0.916432 0.359375
1 0.482404 0.101562 0.476539 0.103516 0.476539 0.109375 0.479472 0.110352 0.479472 0.111328 0.482404 0.111328 0.485337 0.110352 0.48827 0.110352 0.491202 0.109375 0.494135 0.109375 0.494135 0.108398 0.497067 0.107422 0.497067 0.102539 0.494135 0.101562
1 0.44428 0.730469 0.441348 0.731445 0.441348 0.732422 0.44428 0.733398 0.476539 0.733398 0.479472 0.734375 0.482404 0.733398 0.485337 0.733398 0.485337 0.731445 0.482404 0.730469
1 0.350436 0.671875 0.341639 0.674805 0.338706 0.674805 0.335773 0.675781 0.326975 0.675781 0.324043 0.676758 0.324043 0.682617 0.326975 0.683594 0.326975 0.685547 0.332841 0.685547 0.335773 0.686523 0.356302 0.686523 0.359234 0.685547 0.362167 0.685547 0.365099 0.68457 0.365099 0.681641 0.368032 0.680664 0.368032 0.672852 0.365099 0.671875
1 0.502933 0.210938 0.5 0.211914 0.5 0.220703 0.502933 0.22168 0.505865 0.22168 0.508798 0.220703 0.508798 0.219727 0.51173 0.21875 0.51173 0.217773 0.517596 0.21582 0.517596 0.214844 0.520528 0.213867 0.520528 0.211914 0.517596 0.210938
1 0.162749 0.4375 0.159816 0.438477 0.159816 0.439453 0.162749 0.44043 0.162749 0.441406 0.171547 0.441406 0.174479 0.44043 0.183277 0.44043 0.18621 0.439453 0.189142 0.439453 0.189142 0.438477 0.18621 0.438477 0.183277 0.4375
1 0.725812 0.402344 0.722879 0.40332 0.722879 0.404297 0.725812 0.405273 0.743407 0.405273 0.74634 0.404297 0.749273 0.404297 0.749273 0.40332 0.74634 0.40332 0.743407 0.402344
1 0.467741 0.660156 0.464809 0.661133 0.464809 0.662109 0.467741 0.663086 0.48827 0.663086 0.491202 0.662109 0.494135 0.662109 0.494135 0.661133 0.491202 0.661133 0.48827 0.660156
1 0.502933 0.144531 0.5 0.145508 0.5 0.146484 0.502933 0.147461 0.517596 0.147461 0.520528 0.146484 0.520528 0.145508 0.517596 0.144531
1 0.467741 0.0820312 0.464809 0.0830078 0.464809 0.0878906 0.467741 0.0888672 0.479472 0.0888672 0.485337 0.0869141 0.485337 0.0830078 0.482404 0.0820312
1 0.479472 0.828125 0.476539 0.829102 0.476539 0.833984 0.479472 0.834961 0.482404 0.834961 0.485337 0.833984 0.485337 0.829102 0.482404 0.828125
