1 0.49122 0.503906 0.488293 0.504883 0.488293 0.513672 0.494146 0.515625 0.497073 0.514648 0.529268 0.514648 0.532194 0.513672 0.535121 0.513672 0.535121 0.512695 0.538048 0.511719 0.538048 0.510742 0.540975 0.509766 0.540975 0.507812 0.543901 0.506836 0.543901 0.504883 0.540975 0.503906
1 0.479513 0.265625 0.476586 0.266602 0.476586 0.275391 0.479513 0.276367 0.482439 0.276367 0.485366 0.277344 0.497073 0.277344 0.5 0.276367 0.505853 0.276367 0.50878 0.275391 0.50878 0.274414 0.511707 0.273438 0.511707 0.272461 0.514634 0.271484 0.514634 0.270508 0.511707 0.269531 0.511707 0.268555 0.50878 0.267578 0.50878 0.266602 0.505853 0.265625
1 0.315614 0.0390625 0.312687 0.0400391 0.312687 0.0410156 0.306834 0.0429688 0.295127 0.0429688 0.289273 0.0449219 0.289273 0.0488281 0.2922 0.0498047 0.303907 0.0498047 0.312687 0.0527344 0.315614 0.0527344 0.318541 0.0537109 0.350735 0.0537109 0.356589 0.0517578 0.356589 0.0507812 0.359515 0.0498047 0.359515 0.0478516 0.356589 0.046875 0.350735 0.046875 0.347808 0.0458984 0.344882 0.0458984 0.336101 0.0429688 0.336101 0.0419922 0.333175 0.0410156 0.333175 0.0400391 0.330248 0.0390625
1 0.49122 0.617188 0.488293 0.618164 0.488293 0.623047 0.49122 0.624023 0.497073 0.624023 0.5 0.625 0.517561 0.625 0.517561 0.624023 0.520487 0.623047 0.520487 0.618164 0.517561 0.617188
1 0.479513 0.695312 0.476586 0.696289 0.476586 0.701172 0.479513 0.702148 0.482439 0.702148 0.485366 0.703125 0.488293 0.703125 0.497073 0.706055 0.5 0.706055 0.50878 0.708984 0.511707 0.708984 0.514634 0.709961 0.517561 0.709961 0.520487 0.708984 0.520487 0.699219 0.523414 0.698242 0.523414 0.697266 0.517561 0.695312
1 0.502927 0.890625 0.5 0.891602 0.5 0.895508 0.529268 0.905273 0.535121 0.90332 0.535121 0.895508 0.532194 0.894531 0.529268 0.894531 0.517561 0.890625
1 0.80731 0.835938 0.804383 0.836914 0.804383 0.841797 0.80731 0.842773 0.824871 0.842773 0.827797 0.841797 0.833651 0.841797 0.833651 0.839844 0.836578 0.838867 0.836578 0.836914 0.833651 0.835938
1 0.795603 0.734375 0.792676 0.735352 0.792676 0.740234 0.795603 0.741211 0.795603 0.742188 0.801456 0.742188 0.80731 0.740234 0.810237 0.740234 0.810237 0.736328 0.80731 0.735352 0.804383 0.735352 0.801456 0.734375
1 0.60829 0.691406 0.605363 0.692383 0.605363 0.698242 0.60829 0.699219 0.60829 0.700195 0.614144 0.700195 0.61707 0.699219 0.622924 0.699219 0.625851 0.700195 0.628777 0.700195 0.631704 0.701172 0.634631 0.701172 0.637558 0.702148 0.646338 0.702148 0.649265 0.701172 0.649265 0.692383 0.646338 0.691406
1 0.880479 0.738281 0.874625 0.740234 0.874625 0.745117 0.877552 0.746094 0.877552 0.74707 0.889259 0.74707 0.892186 0.746094 0.895113 0.746094 0.89804 0.745117 0.903893 0.745117 0.90682 0.744141 0.90682 0.739258 0.903893 0.738281
1 0.2922 0.292969 0.289273 0.293945 0.289273 0.302734 0.2922 0.303711 0.295127 0.303711 0.298054 0.302734 0.298054 0.301758 0.303907 0.299805 0.306834 0.299805 0.312687 0.297852 0.312687 0.295898 0.309761 0.294922 0.309761 0.293945 0.306834 0.292969
1 0.315614 0.105469 0.312687 0.106445 0.312687 0.119141 0.315614 0.120117 0.330248 0.120117 0.356589 0.111328 0.356589 0.106445 0.353662 0.105469
1 0.17513 0.144531 0.172203 0.145508 0.172203 0.147461 0.17513 0.148438 0.17513 0.149414 0.18391 0.152344 0.186837 0.152344 0.19269 0.154297 0.195617 0.154297 0.198544 0.155273 0.20147 0.155273 0.210251 0.158203 0.213177 0.158203 0.216104 0.157227 0.216104 0.15625 0.219031 0.155273 0.219031 0.152344 0.216104 0.151367 0.216104 0.149414 0.213177 0.148438 0.210251 0.148438 0.198544 0.144531
1 0.865845 0.0234375 0.862918 0.0244141 0.862918 0.03125 0.865845 0.0322266 0.865845 0.0332031 0.871699 0.0332031 0.874625 0.0341797 0.89804 0.0341797 0.900966 0.0332031 0.903893 0.0332031 0.90682 0.0322266 0.90682 0.0302734 0.909747 0.0292969 0.90682 0.0283203 0.90682 0.0273438 0.903893 0.0263672 0.900966 0.0263672 0.892186 0.0234375
1 0.701946 0.105469 0.69902 0.106445 0.69902 0.112305 0.704873 0.114258 0.7078 0.113281 0.710727 0.113281 0.713654 0.112305 0.71658 0.112305 0.719507 0.111328 0.719507 0.109375 0.71658 0.108398 0.71658 0.106445 0.710727 0.106445 0.7078 0.105469
1 0.748775 0.347656 0.745848 0.348633 0.745848 0.355469 0.748775 0.356445 0.748775 0.357422 0.760482 0.361328 0.763409 0.361328 0.763409 0.360352 0.766335 0.359375 0.766335 0.354492 0.769262 0.353516 0.769262 0.349609 0.763409 0.347656
1 0.854138 0.371094 0.851211 0.37207 0.851211 0.376953 0.854138 0.37793 0.857065 0.37793 0.859992 0.378906 0.862918 0.378906 0.865845 0.379883 0.868772 0.379883 0.868772 0.378906 0.874625 0.376953 0.874625 0.375977 0.871699 0.375 0.871699 0.37207 0.868772 0.371094
1 0.339028 0.648438 0.336101 0.649414 0.336101 0.661133 0.341955 0.663086 0.353662 0.663086 0.356589 0.662109 0.356589 0.650391 0.350735 0.648438
1 0.60829 0.214844 0.605363 0.21582 0.605363 0.220703 0.60829 0.22168 0.611217 0.22168 0.614144 0.220703 0.614144 0.219727 0.619997 0.217773 0.622924 0.217773 0.625851 0.216797 0.625851 0.21582 0.622924 0.214844
1 0.339028 0.929688 0.336101 0.930664 0.336101 0.935547 0.350735 0.94043 0.377076 0.94043 0.380003 0.939453 0.380003 0.93457 0.377076 0.933594 0.374149 0.933594 0.362442 0.929688
1 0.60829 0.234375 0.605363 0.235352 0.605363 0.244141 0.60829 0.245117 0.60829 0.246094 0.614144 0.246094 0.61707 0.245117 0.622924 0.245117 0.622924 0.244141 0.625851 0.243164 0.625851 0.239258 0.622924 0.238281 0.622924 0.236328 0.619997 0.235352 0.61707 0.235352 0.614144 0.234375
1 0.936087 0.71875 0.933161 0.719727 0.933161 0.724609 0.936087 0.725586 0.941941 0.725586 0.947794 0.723633 0.947794 0.720703 0.944868 0.719727 0.941941 0.719727 0.939014 0.71875
1 0.303907 0.570312 0.30098 0.571289 0.30098 0.578125 0.303907 0.579102 0.303907 0.580078 0.306834 0.580078 0.309761 0.581055 0.318541 0.581055 0.321468 0.582031 0.324394 0.582031 0.327321 0.583008 0.333175 0.583008 0.336101 0.582031 0.339028 0.582031 0.341955 0.581055 0.350735 0.581055 0.353662 0.580078 0.353662 0.579102 0.356589 0.578125 0.356589 0.575195 0.353662 0.574219 0.353662 0.573242 0.350735 0.573242 0.344882 0.571289 0.341955 0.571289 0.339028 0.570312
1 0.517561 0.527344 0.511707 0.529297 0.514634 0.530273 0.514634 0.53125 0.517561 0.532227 0.517561 0.533203 0.520487 0.53418 0.520487 0.537109 0.517561 0.538086 0.505853 0.538086 0.5 0.540039 0.5 0.544922 0.502927 0.545898 0.520487 0.545898 0.523414 0.544922 0.526341 0.544922 0.538048 0.541016 0.538048 0.540039 0.540975 0.539062 0.540975 0.535156 0.543901 0.53418 0.543901 0.532227 0.540975 0.53125 0.540975 0.529297 0.538048 0.52832 0.535121 0.52832 0.532194 0.527344
1 0.461952 0.167969 0.459025 0.168945 0.456099 0.168945 0.456099 0.169922 0.453172 0.170898 0.453172 0.177734 0.456099 0.178711 0.459025 0.178711 0.467806 0.181641 0.470732 0.181641 0.470732 0.180664 0.476586 0.178711 0.479513 0.178711 0.485366 0.176758 0.485366 0.168945 0.482439 0.167969
1 0.502927 0.539062 0.5 0.540039 0.5 0.544922 0.502927 0.545898 0.517561 0.545898 0.520487 0.544922 0.523414 0.544922 0.535121 0.541016 0.532194 0.540039 0.523414 0.540039 0.520487 0.539062
1 0.596583 0.128906 0.593656 0.129883 0.593656 0.138672 0.596583 0.139648 0.59951 0.139648 0.602437 0.138672 0.602437 0.135742 0.605363 0.134766 0.605363 0.133789 0.602437 0.132812 0.602437 0.129883 0.59951 0.128906
1 0.529268 0.535156 0.526341 0.536133 0.523414 0.536133 0.517561 0.538086 0.50878 0.538086 0.505853 0.539062 0.502927 0.539062 0.5 0.540039 0.5 0.544922 0.502927 0.545898 0.520487 0.545898 0.523414 0.544922 0.526341 0.544922 0.529268 0.543945 0.529268 0.542969 0.538048 0.540039 0.538048 0.539062 0.540975 0.538086 0.540975 0.536133 0.532194 0.536133
1 0.49122 0.78125 0.488293 0.782227 0.488293 0.785156 0.49122 0.786133 0.49122 0.787109 0.494146 0.787109 0.497073 0.786133 0.497073 0.785156 0.502927 0.783203 0.502927 0.782227 0.5 0.782227 0.497073 0.78125
1 0.339028 0.742188 0.336101 0.743164 0.336101 0.749023 0.339028 0.75 0.339028 0.750977 0.341955 0.750977 0.347808 0.749023 0.353662 0.749023 0.356589 0.748047 0.356589 0.743164 0.353662 0.742188
1 0.889259 0.046875 0.886332 0.0478516 0.886332 0.0566406 0.889259 0.0576172 0.903893 0.0576172 0.90682 0.0566406 0.90682 0.0478516 0.903893 0.046875
1 0.0580591 0.144531 0.0551324 0.145508 0.0551324 0.150391 0.0580591 0.151367 0.0726929 0.151367 0.0756197 0.150391 0.0756197 0.145508 0.0726929 0.144531
1 0.210251 0.289062 0.207324 0.290039 0.207324 0.294922 0.210251 0.295898 0.221958 0.295898 0.224884 0.294922 0.224884 0.292969 0.213177 0.289062
1 0.748775 0.253906 0.745848 0.254883 0.745848 0.255859 0.748775 0.256836 0.757555 0.256836 0.760482 0.255859 0.763409 0.255859 0.763409 0.254883 0.760482 0.254883 0.757555 0.253906
1 0.760482 0.890625 0.757555 0.891602 0.757555 0.892578 0.760482 0.893555 0.769262 0.893555 0.772189 0.894531 0.775116 0.893555 0.778042 0.893555 0.778042 0.891602 0.775116 0.890625
1 0.538048 0.757812 0.535121 0.758789 0.535121 0.763672 0.538048 0.764648 0.540975 0.764648 0.543901 0.763672 0.543901 0.758789 0.540975 0.757812
1 0.233665 0.546875 0.230738 0.547852 0.230738 0.552734 0.233665 0.553711 0.251225 0.553711 0.254152 0.552734 0.257079 0.552734 0.257079 0.551758 0.254152 0.550781 0.254152 0.549805 0.251225 0.548828 0.251225 0.547852 0.248299 0.546875
1 0.49122 0.25 0.488293 0.250977 0.488293 0.255859 0.49122 0.256836 0.494146 0.256836 0.497073 0.255859 0.502927 0.255859 0.502927 0.254883 0.505853 0.253906 0.505853 0.250977 0.502927 0.250977 0.5 0.25
1 0.725361 0.738281 0.722434 0.739258 0.722434 0.751953 0.725361 0.75293 0.728287 0.75293 0.731214 0.751953 0.734141 0.751953 0.739994 0.75 0.742921 0.75 0.745848 0.749023 0.754628 0.749023 0.757555 0.748047 0.760482 0.748047 0.760482 0.74707 0.757555 0.74707 0.754628 0.746094 0.748775 0.746094 0.742921 0.744141 0.742921 0.740234 0.737068 0.738281
1 0.456099 0.367188 0.453172 0.368164 0.453172 0.37207 0.459025 0.374023 0.467806 0.374023 0.470732 0.375 0.482439 0.375 0.488293 0.373047 0.488293 0.37207 0.485366 0.371094 0.485366 0.370117 0.479513 0.368164 0.476586 0.368164 0.473659 0.367188
1 0.842431 0.9375 0.839504 0.938477 0.839504 0.943359 0.842431 0.944336 0.857065 0.944336 0.859992 0.943359 0.859992 0.938477 0.857065 0.9375
1 0.783896 0.933594 0.780969 0.93457 0.780969 0.943359 0.783896 0.944336 0.795603 0.944336 0.79853 0.943359 0.801456 0.943359 0.801456 0.942383 0.804383 0.941406 0.804383 0.94043 0.810237 0.938477 0.810237 0.9375 0.813163 0.936523 0.813163 0.93457 0.810237 0.933594
1 0.60829 0.234375 0.605363 0.235352 0.605363 0.244141 0.60829 0.245117 0.60829 0.246094 0.614144 0.246094 0.61707 0.245117 0.619997 0.245117 0.622924 0.244141 0.622924 0.236328 0.619997 0.235352 0.61707 0.235352 0.614144 0.234375
1 0.321468 0.316406 0.318541 0.317383 0.315614 0.317383 0.315614 0.318359 0.312687 0.319336 0.312687 0.330078 0.324394 0.333984 0.324394 0.339844 0.327321 0.34082 0.327321 0.341797 0.330248 0.341797 0.339028 0.338867 0.341955 0.338867 0.344882 0.337891 0.344882 0.336914 0.350735 0.334961 0.353662 0.334961 0.356589 0.333984 0.359515 0.333984 0.359515 0.331055 0.356589 0.330078 0.356589 0.325195 0.353662 0.324219 0.353662 0.321289 0.356589 0.320312 0.356589 0.317383 0.353662 0.316406
1 0.725361 0.738281 0.722434 0.739258 0.722434 0.754883 0.725361 0.755859 0.728287 0.755859 0.731214 0.754883 0.731214 0.753906 0.734141 0.75293 0.734141 0.751953 0.739994 0.75 0.742921 0.75 0.745848 0.749023 0.751701 0.749023 0.754628 0.748047 0.754628 0.74707 0.751701 0.746094 0.748775 0.746094 0.742921 0.744141 0.742921 0.740234 0.737068 0.738281
1 0.221958 0.0703125 0.219031 0.0712891 0.213177 0.0712891 0.210251 0.0722656 0.210251 0.0732422 0.207324 0.0742188 0.207324 0.0791016 0.210251 0.0800781 0.213177 0.0800781 0.219031 0.078125 0.221958 0.078125 0.224884 0.0771484 0.239518 0.0771484 0.242445 0.0761719 0.245372 0.0761719 0.245372 0.0722656 0.242445 0.0712891 0.239518 0.0712891 0.236592 0.0703125
1 0.257079 0.121094 0.254152 0.12207 0.254152 0.126953 0.257079 0.12793 0.271713 0.12793 0.274639 0.126953 0.274639 0.12207 0.271713 0.121094
1 0.80731 0.835938 0.804383 0.836914 0.804383 0.841797 0.80731 0.842773 0.827797 0.842773 0.830724 0.841797 0.833651 0.841797 0.833651 0.84082 0.836578 0.839844 0.836578 0.836914 0.833651 0.835938
1 0.549755 0.953125 0.546828 0.954102 0.546828 0.958984 0.549755 0.959961 0.552682 0.959961 0.555608 0.958984 0.558535 0.958984 0.561462 0.958008 0.561462 0.957031 0.564389 0.956055 0.564389 0.954102 0.561462 0.953125
1 0.49122 0.65625 0.488293 0.657227 0.488293 0.662109 0.49122 0.663086 0.494146 0.663086 0.497073 0.662109 0.5 0.662109 0.5 0.65918 0.497073 0.658203 0.497073 0.657227 0.494146 0.65625
1 0.502927 0.929688 0.5 0.930664 0.5 0.939453 0.502927 0.94043 0.505853 0.94043 0.50878 0.939453 0.50878 0.938477 0.511707 0.9375 0.511707 0.932617 0.50878 0.931641 0.50878 0.930664 0.505853 0.929688
1 0.889259 0.046875 0.886332 0.0478516 0.886332 0.0566406 0.889259 0.0576172 0.903893 0.0576172 0.90682 0.0566406 0.90682 0.0478516 0.903893 0.046875
1 0.877552 0.742188 0.874625 0.743164 0.874625 0.745117 0.877552 0.746094 0.877552 0.74707 0.880479 0.748047 0.883406 0.74707 0.892186 0.74707 0.895113 0.746094 0.89804 0.746094 0.900966 0.745117 0.903893 0.745117 0.90682 0.744141 0.90682 0.743164 0.903893 0.742188
1 0.198544 0.625 0.195617 0.625977 0.195617 0.630859 0.198544 0.631836 0.20147 0.631836 0.204397 0.630859 0.204397 0.625977 0.20147 0.625
1 0.80731 0.757812 0.804383 0.758789 0.804383 0.762695 0.810237 0.764648 0.81609 0.764648 0.819017 0.763672 0.821944 0.763672 0.821944 0.762695 0.824871 0.761719 0.824871 0.758789 0.821944 0.757812
1 0.760482 0.699219 0.757555 0.700195 0.757555 0.701172 0.772189 0.706055 0.789749 0.706055 0.792676 0.705078 0.795603 0.705078 0.795603 0.704102 0.792676 0.703125 0.792676 0.702148 0.783896 0.699219
