1 0.479485 0.164062 0.476555 0.165039 0.476555 0.177734 0.479485 0.178711 0.482416 0.178711 0.497069 0.173828 0.497069 0.168945 0.482416 0.164062
1 0.0926377 0.433594 0.089707 0.43457 0.089707 0.443359 0.0926377 0.444336 0.10436 0.444336 0.107291 0.443359 0.107291 0.436523 0.098499 0.433594
1 0.209864 0.457031 0.198142 0.460938 0.186419 0.460938 0.183488 0.461914 0.183488 0.467773 0.186419 0.46875 0.186419 0.469727 0.18935 0.470703 0.19228 0.470703 0.195211 0.47168 0.209864 0.47168 0.221587 0.467773 0.224518 0.467773 0.227448 0.466797 0.230379 0.466797 0.230379 0.46582 0.23624 0.463867 0.23624 0.460938 0.23331 0.460938 0.230379 0.459961 0.230379 0.458984 0.224518 0.457031
1 0.198142 0.417969 0.195211 0.418945 0.195211 0.423828 0.201072 0.425781 0.204003 0.425781 0.209864 0.427734 0.212795 0.427734 0.215726 0.426758 0.215726 0.425781 0.218656 0.424805 0.218656 0.418945 0.215726 0.418945 0.212795 0.417969
1 0.365189 0.574219 0.359328 0.576172 0.359328 0.583984 0.362259 0.584961 0.362259 0.585938 0.376912 0.585938 0.379843 0.584961 0.382773 0.584961 0.388635 0.583008 0.388635 0.582031 0.391565 0.581055 0.391565 0.575195 0.388635 0.574219
1 0.186419 0.195312 0.183488 0.196289 0.183488 0.201172 0.186419 0.202148 0.18935 0.202148 0.195211 0.200195 0.195211 0.196289 0.19228 0.196289 0.18935 0.195312
1 0.45604 0.273438 0.453109 0.274414 0.453109 0.283203 0.45604 0.28418 0.458971 0.28418 0.461901 0.283203 0.461901 0.282227 0.464832 0.28125 0.464832 0.275391 0.458971 0.273438
1 0.186419 0.398438 0.183488 0.399414 0.183488 0.400391 0.186419 0.401367 0.201072 0.401367 0.206934 0.40332 0.206934 0.405273 0.209864 0.40625 0.209864 0.407227 0.215726 0.40918 0.215726 0.413086 0.212795 0.414062 0.201072 0.414062 0.198142 0.415039 0.195211 0.415039 0.195211 0.416016 0.198142 0.416016 0.201072 0.416992 0.209864 0.416992 0.215726 0.415039 0.215726 0.414062 0.218656 0.413086 0.227448 0.413086 0.230379 0.412109 0.23331 0.412109 0.23331 0.407227 0.230379 0.40625 0.230379 0.402344 0.227448 0.401367 0.227448 0.399414 0.224518 0.398438
1 0.23331 0.335937 0.230379 0.336914 0.230379 0.341797 0.23331 0.342773 0.23624 0.342773 0.239171 0.341797 0.239171 0.338867 0.242102 0.337891 0.23624 0.335937
1 0.842888 0.0117188 0.839957 0.0126953 0.839957 0.0175781 0.842888 0.0185547 0.857541 0.0185547 0.860472 0.0175781 0.860472 0.0166016 0.863402 0.015625 0.863402 0.0146484 0.866333 0.0136719 0.866333 0.0126953 0.863402 0.0126953 0.860472 0.0117188
1 0.116083 0.753906 0.113152 0.754883 0.113152 0.759766 0.116083 0.760742 0.124875 0.760742 0.127806 0.761719 0.14539 0.761719 0.14832 0.760742 0.154182 0.760742 0.157112 0.759766 0.157112 0.758789 0.154182 0.757812 0.154182 0.756836 0.14832 0.754883 0.14539 0.754883 0.142459 0.753906
1 0.0926377 0.957031 0.089707 0.958008 0.089707 0.963867 0.098499 0.966797 0.10143 0.966797 0.10436 0.967773 0.113152 0.967773 0.116083 0.966797 0.119014 0.966797 0.119014 0.96582 0.121944 0.964844 0.121944 0.959961 0.124875 0.958984 0.119014 0.957031
1 0.198142 0.300781 0.195211 0.301758 0.195211 0.306641 0.198142 0.307617 0.201072 0.307617 0.204003 0.308594 0.206934 0.308594 0.209864 0.30957 0.212795 0.30957 0.215726 0.310547 0.224518 0.310547 0.224518 0.30957 0.227448 0.308594 0.227448 0.302734 0.221587 0.300781
1 0.362259 0.239258 0.359328 0.240234 0.359328 0.251953 0.362259 0.25293 0.373981 0.25293 0.376912 0.251953 0.376912 0.248047 0.371051 0.246094 0.371051 0.245117 0.36812 0.244141 0.36812 0.240234 0.365189 0.239258
1 0.725661 0.1875 0.72273 0.188477 0.72273 0.194336 0.725661 0.195312 0.725661 0.197266 0.728592 0.197266 0.734453 0.195312 0.734453 0.194336 0.737384 0.193359 0.734453 0.192383 0.734453 0.191406 0.731522 0.19043 0.731522 0.188477 0.728592 0.1875
1 0.491208 0.274414 0.485347 0.276367 0.485347 0.277344 0.482416 0.27832 0.482416 0.279297 0.485347 0.280273 0.485347 0.28125 0.488277 0.282227 0.488277 0.283203 0.491208 0.28418 0.494139 0.28418 0.497069 0.283203 0.497069 0.276367
1 0.643603 0.164062 0.640672 0.165039 0.640672 0.169922 0.643603 0.170898 0.658256 0.170898 0.664117 0.168945 0.664117 0.166992 0.667048 0.166016 0.661187 0.164062
1 0.760829 0.449219 0.757898 0.450195 0.757898 0.455078 0.760829 0.456055 0.775482 0.456055 0.778413 0.455078 0.778413 0.450195 0.775482 0.449219
1 0.127806 0.671875 0.124875 0.672852 0.124875 0.680664 0.130736 0.682617 0.142459 0.682617 0.14539 0.681641 0.14539 0.678711 0.14832 0.677734 0.14832 0.676758 0.14539 0.675781 0.14539 0.672852 0.142459 0.671875
1 0.362259 0.601562 0.356397 0.603516 0.356397 0.604492 0.353467 0.605469 0.353467 0.608398 0.356397 0.609375 0.356397 0.612305 0.353467 0.613281 0.353467 0.614258 0.347605 0.616211 0.344675 0.616211 0.341744 0.617188 0.338813 0.617188 0.335883 0.618164 0.335883 0.623047 0.338813 0.624023 0.344675 0.624023 0.347605 0.625 0.350536 0.625 0.362259 0.628906 0.365189 0.628906 0.373981 0.631836 0.403288 0.631836 0.406219 0.630859 0.409149 0.630859 0.415011 0.628906 0.417941 0.628906 0.420872 0.62793 0.423803 0.62793 0.426733 0.626953 0.426733 0.614258 0.423803 0.613281 0.420872 0.613281 0.415011 0.611328 0.415011 0.610352 0.41208 0.609375 0.400357 0.609375 0.388635 0.605469 0.385704 0.605469 0.373981 0.601562
1 0.373981 0.902344 0.371051 0.90332 0.371051 0.908203 0.373981 0.90918 0.385704 0.90918 0.391565 0.907227 0.391565 0.90332 0.388635 0.902344
1 0.63188 0.964844 0.628949 0.96582 0.628949 0.966797 0.626019 0.967773 0.626019 0.96875 0.620157 0.970703 0.620157 0.97168 0.617227 0.972656 0.617227 0.978516 0.620157 0.979492 0.623088 0.979492 0.63188 0.982422 0.634811 0.982422 0.637741 0.983398 0.637741 0.984375 0.640672 0.985352 0.640672 0.989258 0.652395 0.993164 0.652395 0.994141 0.655325 0.995117 0.658256 0.995117 0.661187 0.994141 0.661187 0.993164 0.672909 0.989258 0.672909 0.988281 0.681701 0.985352 0.681701 0.984375 0.684632 0.983398 0.684632 0.981445 0.693424 0.978516 0.693424 0.977539 0.696355 0.976562 0.696355 0.973633 0.693424 0.972656 0.687563 0.972656 0.684632 0.97168 0.681701 0.97168 0.67584 0.969727 0.672909 0.969727 0.669978 0.96875 0.664117 0.96875 0.661187 0.967773 0.655325 0.967773 0.646533 0.964844
1 0.467763 0.386719 0.464832 0.387695 0.464832 0.388672 0.467763 0.389648 0.470693 0.389648 0.473624 0.388672 0.473624 0.387695 0.470693 0.386719
1 0.45604 0.867188 0.453109 0.868164 0.453109 0.870117 0.45604 0.871094 0.45604 0.87207 0.461901 0.87207 0.467763 0.870117 0.470693 0.870117 0.473624 0.869141 0.473624 0.868164 0.470693 0.867188
1 0.350536 0.324219 0.347605 0.325195 0.347605 0.333984 0.350536 0.334961 0.353467 0.334961 0.356397 0.333984 0.356397 0.325195 0.353467 0.324219
1 0.538099 0.511719 0.535168 0.512695 0.535168 0.516602 0.541029 0.518555 0.549821 0.518555 0.555683 0.516602 0.555683 0.512695 0.552752 0.511719
1 0.0926377 0.359375 0.089707 0.360352 0.089707 0.363281 0.0926377 0.364258 0.0926377 0.365234 0.107291 0.365234 0.107291 0.364258 0.110222 0.363281 0.110222 0.360352 0.107291 0.359375
1 0.151251 0.382812 0.14832 0.383789 0.14832 0.388672 0.151251 0.389648 0.162974 0.389648 0.168835 0.387695 0.168835 0.384766 0.162974 0.382812
1 0.0926377 0.394531 0.089707 0.395508 0.089707 0.400391 0.0926377 0.401367 0.098499 0.401367 0.10143 0.400391 0.10436 0.400391 0.107291 0.399414 0.107291 0.398438 0.110222 0.397461 0.110222 0.395508 0.107291 0.394531
1 0.936669 0.832031 0.933738 0.833008 0.933738 0.845703 0.936669 0.84668 0.9396 0.84668 0.94253 0.845703 0.94253 0.842773 0.945461 0.841797 0.945461 0.833984 0.9396 0.832031
1 0.174696 0.175781 0.171766 0.176758 0.171766 0.177734 0.174696 0.178711 0.18935 0.178711 0.19228 0.177734 0.19228 0.176758 0.18935 0.175781
1 0.303645 0.00390625 0.300715 0.00488281 0.300715 0.00585938 0.303645 0.00683594 0.318299 0.00683594 0.321229 0.00585938 0.321229 0.00488281 0.318299 0.00390625
1 0.749106 0.820312 0.746176 0.821289 0.746176 0.824219 0.749106 0.825195 0.749106 0.826172 0.754968 0.826172 0.757898 0.825195 0.760829 0.825195 0.76376 0.824219 0.775482 0.824219 0.781344 0.822266 0.781344 0.821289 0.778413 0.821289 0.775482 0.820312
1 0.0340244 0.417969 0.0310937 0.418945 0.0310937 0.423828 0.0340244 0.424805 0.0369551 0.424805 0.0516084 0.419922 0.0516084 0.418945 0.0486777 0.417969
1 0.212795 0.402344 0.209864 0.40332 0.206934 0.40332 0.206934 0.405273 0.209864 0.40625 0.209864 0.407227 0.212795 0.408203 0.212795 0.40918 0.215726 0.410156 0.215726 0.413086 0.212795 0.414062 0.201072 0.414062 0.198142 0.415039 0.195211 0.415039 0.195211 0.416016 0.186419 0.418945 0.186419 0.422852 0.18935 0.423828 0.19228 0.423828 0.195211 0.424805 0.198142 0.424805 0.201072 0.425781 0.204003 0.425781 0.209864 0.427734 0.212795 0.427734 0.215726 0.426758 0.215726 0.425781 0.218656 0.424805 0.218656 0.417969 0.215726 0.416992 0.215726 0.415039 0.221587 0.413086 0.227448 0.413086 0.230379 0.412109 0.23331 0.412109 0.23331 0.40625 0.230379 0.405273 0.230379 0.40332 0.227448 0.40332 0.224518 0.402344
1 0.467763 0.0351562 0.464832 0.0361328 0.464832 0.0439453 0.467763 0.0449219 0.470693 0.0449219 0.479485 0.0419922 0.482416 0.0419922 0.482416 0.0410156 0.485347 0.0400391 0.485347 0.0361328 0.482416 0.0351562
1 0.491208 0.738281 0.488277 0.739258 0.488277 0.744141 0.491208 0.745117 0.491208 0.746094 0.494139 0.746094 0.5 0.744141 0.5 0.739258 0.497069 0.739258 0.494139 0.738281
1 0.186419 0.394531 0.183488 0.395508 0.183488 0.400391 0.186419 0.401367 0.198142 0.401367 0.201072 0.402344 0.204003 0.402344 0.206934 0.40332 0.206934 0.405273 0.209864 0.40625 0.209864 0.407227 0.212795 0.408203 0.212795 0.40918 0.215726 0.410156 0.215726 0.412109 0.209864 0.414062 0.201072 0.414062 0.198142 0.415039 0.195211 0.415039 0.195211 0.416016 0.186419 0.418945 0.186419 0.419922 0.18935 0.420898 0.212795 0.420898 0.215726 0.419922 0.218656 0.419922 0.218656 0.417969 0.215726 0.416992 0.215726 0.415039 0.218656 0.414062 0.221587 0.414062 0.224518 0.413086 0.227448 0.413086 0.230379 0.412109 0.23331 0.412109 0.23331 0.40625 0.230379 0.405273 0.230379 0.401367 0.227448 0.400391 0.227448 0.399414 0.224518 0.398438 0.209864 0.398438 0.204003 0.396484 0.204003 0.395508 0.201072 0.394531
1 0.221587 0.351562 0.218656 0.352539 0.218656 0.353516 0.221587 0.354492 0.224518 0.354492 0.227448 0.355469 0.230379 0.355469 0.23331 0.356445 0.23331 0.357422 0.23624 0.357422 0.242102 0.359375 0.242102 0.360352 0.245032 0.361328 0.247963 0.361328 0.250894 0.360352 0.250894 0.356445 0.247963 0.355469 0.247963 0.354492 0.245032 0.354492 0.242102 0.353516 0.242102 0.352539 0.239171 0.352539 0.23624 0.351562
1 0.0340244 0.992188 0.0310937 0.993164 0.0310937 0.999023 0.0457471 0.999023 0.0457471 0.99707 0.0486777 0.996094 0.0486777 0.995117 0.0516084 0.994141 0.0516084 0.993164 0.0486777 0.992188
1 0.913224 0.269531 0.910293 0.270508 0.910293 0.275391 0.913224 0.276367 0.916154 0.276367 0.919085 0.275391 0.919085 0.270508 0.916154 0.269531
1 0.268478 0.554688 0.265547 0.555664 0.265547 0.556641 0.268478 0.557617 0.283131 0.557617 0.286062 0.556641 0.286062 0.555664 0.283131 0.554688
