1 0.491208 0.210938 0.488277 0.211914 0.488277 0.220703 0.491208 0.22168 0.491208 0.222656 0.497069 0.224609 0.497069 0.226562 0.5 0.227539 0.5 0.228516 0.502931 0.229492 0.505861 0.229492 0.508792 0.230469 0.511723 0.230469 0.514653 0.231445 0.517584 0.231445 0.517584 0.230469 0.520515 0.229492 0.520515 0.228516 0.532237 0.224609 0.532237 0.223633 0.538099 0.22168 0.541029 0.22168 0.54396 0.220703 0.54396 0.21582 0.541029 0.214844 0.514653 0.214844 0.508792 0.212891 0.508792 0.211914 0.505861 0.210938
1 0.338813 0.5625 0.335883 0.563477 0.335883 0.570312 0.338813 0.571289 0.338813 0.572266 0.341744 0.572266 0.344675 0.573242 0.376912 0.573242 0.379843 0.572266 0.379843 0.567383 0.376912 0.566406 0.373981 0.566406 0.371051 0.56543 0.36812 0.56543 0.362259 0.563477 0.359328 0.563477 0.356397 0.5625
1 0.502931 0.507812 0.5 0.508789 0.5 0.513672 0.502931 0.514648 0.517584 0.514648 0.520515 0.513672 0.520515 0.508789 0.517584 0.507812
1 0.444317 0.601562 0.441387 0.602539 0.441387 0.604492 0.450179 0.607422 0.453109 0.607422 0.45604 0.608398 0.458971 0.608398 0.473624 0.603516 0.473624 0.602539 0.470693 0.601562
1 0.409149 0.34375 0.406219 0.344727 0.406219 0.349609 0.409149 0.350586 0.426733 0.350586 0.429664 0.349609 0.429664 0.348633 0.426733 0.347656 0.426733 0.345703 0.420872 0.34375
1 0.502931 0.113281 0.5 0.114258 0.5 0.123047 0.502931 0.124023 0.517584 0.124023 0.523445 0.12207 0.523445 0.121094 0.520515 0.120117 0.520515 0.114258 0.517584 0.113281
1 0.350536 0.511719 0.347605 0.512695 0.347605 0.521484 0.350536 0.522461 0.376912 0.522461 0.379843 0.521484 0.379843 0.518555 0.376912 0.517578 0.376912 0.513672 0.373981 0.512695 0.371051 0.512695 0.36812 0.511719
1 0.514653 0.722656 0.511723 0.723633 0.511723 0.732422 0.514653 0.733398 0.520515 0.733398 0.523445 0.732422 0.526376 0.732422 0.529307 0.731445 0.529307 0.729492 0.532237 0.728516 0.532237 0.724609 0.526376 0.722656
1 0.350536 0.667969 0.347605 0.668945 0.347605 0.677734 0.350536 0.678711 0.359328 0.678711 0.362259 0.677734 0.365189 0.677734 0.365189 0.676758 0.36812 0.675781 0.36812 0.672852 0.353467 0.667969
1 0.467763 0.652344 0.464832 0.65332 0.464832 0.662109 0.467763 0.663086 0.470693 0.663086 0.473624 0.662109 0.473624 0.65332 0.470693 0.652344
1 0.350536 0.625 0.347605 0.625977 0.347605 0.631836 0.350536 0.632812 0.350536 0.633789 0.353467 0.633789 0.356397 0.632812 0.356397 0.631836 0.365189 0.628906 0.365189 0.62793 0.36812 0.626953 0.36812 0.625977 0.365189 0.625
1 0.795997 0.765625 0.793066 0.766602 0.793066 0.776367 0.795997 0.777344 0.795997 0.779297 0.798928 0.779297 0.80772 0.776367 0.81065 0.776367 0.813581 0.775391 0.813581 0.770508 0.81065 0.769531 0.81065 0.768555 0.804789 0.766602 0.801858 0.766602 0.798928 0.765625
1 0.350536 0.953125 0.347605 0.954102 0.347605 0.958984 0.350536 0.959961 0.36812 0.959961 0.371051 0.958984 0.371051 0.958008 0.373981 0.957031 0.373981 0.954102 0.371051 0.954102 0.36812 0.953125
1 0.749106 0.492188 0.746176 0.493164 0.746176 0.49707 0.752037 0.499023 0.76376 0.499023 0.76669 0.498047 0.769621 0.498047 0.772552 0.49707 0.772552 0.496094 0.775482 0.495117 0.775482 0.493164 0.772552 0.493164 0.769621 0.492188
1 0.467763 0.527344 0.464832 0.52832 0.464832 0.533203 0.467763 0.53418 0.470693 0.53418 0.473624 0.533203 0.476555 0.533203 0.488277 0.529297 0.482416 0.527344
1 0.0926377 0.789062 0.089707 0.790039 0.089707 0.794922 0.0867764 0.795898 0.0867764 0.796875 0.0750537 0.800781 0.0691924 0.800781 0.0662617 0.801758 0.0662617 0.807617 0.0779844 0.811523 0.0867764 0.811523 0.089707 0.8125 0.10436 0.8125 0.107291 0.811523 0.151251 0.811523 0.157112 0.80957 0.157112 0.805664 0.154182 0.804688 0.151251 0.804688 0.142459 0.801758 0.142459 0.800781 0.136598 0.798828 0.136598 0.797852 0.142459 0.795898 0.142459 0.793945 0.139528 0.792969 0.136598 0.792969 0.130736 0.791016 0.130736 0.790039 0.119014 0.790039 0.116083 0.789062
1 0.702216 0.378906 0.699285 0.379883 0.699285 0.384766 0.702216 0.385742 0.705146 0.385742 0.7198 0.380859 0.7198 0.379883 0.716869 0.378906
1 0.362259 0.773438 0.359328 0.774414 0.359328 0.779297 0.362259 0.780273 0.376912 0.780273 0.391565 0.775391 0.391565 0.774414 0.388635 0.773438
1 0.0691924 0.183594 0.0662617 0.18457 0.0662617 0.186523 0.0691924 0.1875 0.0691924 0.19043 0.0662617 0.191406 0.0662617 0.198242 0.0691924 0.199219 0.0691924 0.201172 0.0750537 0.201172 0.0779844 0.202148 0.0955684 0.202148 0.098499 0.201172 0.10143 0.201172 0.107291 0.199219 0.110222 0.199219 0.113152 0.198242 0.121944 0.198242 0.124875 0.197266 0.127806 0.197266 0.127806 0.192383 0.124875 0.191406 0.124875 0.19043 0.121944 0.189453 0.121944 0.188477 0.119014 0.188477 0.116083 0.1875 0.10143 0.1875 0.098499 0.186523 0.0955684 0.186523 0.089707 0.18457 0.0867764 0.18457 0.0838457 0.183594
1 0.350536 0.875 0.347605 0.875977 0.347605 0.881836 0.350536 0.882812 0.350536 0.883789 0.353467 0.883789 0.356397 0.882812 0.356397 0.880859 0.365189 0.87793 0.365189 0.875977 0.362259 0.875
1 0.819442 0.179688 0.816512 0.180664 0.816512 0.185547 0.819442 0.186523 0.822373 0.186523 0.825304 0.185547 0.825304 0.18457 0.828234 0.183594 0.828234 0.181641 0.822373 0.179688
1 0.0926377 0.140625 0.089707 0.141602 0.089707 0.158203 0.0926377 0.15918 0.0955684 0.15918 0.107291 0.163086 0.116083 0.163086 0.127806 0.15918 0.130736 0.15918 0.142459 0.155273 0.154182 0.155273 0.157112 0.154297 0.157112 0.148438 0.154182 0.147461 0.142459 0.147461 0.139528 0.148438 0.136598 0.147461 0.127806 0.147461 0.124875 0.146484 0.124875 0.145508 0.121944 0.144531 0.121944 0.141602 0.119014 0.140625
1 0.23331 0.960938 0.230379 0.961914 0.230379 0.966797 0.23331 0.967773 0.242102 0.967773 0.245032 0.96875 0.247963 0.967773 0.250894 0.967773 0.253824 0.966797 0.256755 0.966797 0.256755 0.96582 0.253824 0.964844 0.253824 0.963867 0.250894 0.962891 0.250894 0.961914 0.247963 0.960938
1 0.209864 0.214844 0.206934 0.21582 0.206934 0.220703 0.209864 0.22168 0.227448 0.22168 0.230379 0.220703 0.23331 0.220703 0.23331 0.219727 0.23624 0.21875 0.23624 0.217773 0.239171 0.216797 0.239171 0.21582 0.23624 0.214844
1 0.620157 0.171875 0.617227 0.172852 0.617227 0.177734 0.620157 0.178711 0.646533 0.178711 0.649464 0.177734 0.658256 0.177734 0.658256 0.176758 0.661187 0.175781 0.661187 0.174805 0.664117 0.173828 0.664117 0.172852 0.661187 0.172852 0.658256 0.171875
1 0.760829 0.5625 0.757898 0.563477 0.757898 0.572266 0.76376 0.574219 0.76669 0.574219 0.769621 0.575195 0.769621 0.576172 0.775482 0.576172 0.775482 0.575195 0.76669 0.572266 0.76669 0.563477 0.76376 0.5625
1 0.608435 0.703125 0.605504 0.704102 0.605504 0.71582 0.611365 0.717773 0.634811 0.717773 0.637741 0.716797 0.637741 0.71582 0.643603 0.713867 0.646533 0.713867 0.649464 0.712891 0.649464 0.710938 0.652395 0.709961 0.652395 0.708008 0.649464 0.707031 0.649464 0.706055 0.643603 0.704102 0.640672 0.704102 0.637741 0.703125
1 0.0926377 0.679687 0.089707 0.680664 0.089707 0.685547 0.0926377 0.686523 0.10436 0.686523 0.110222 0.68457 0.110222 0.680664 0.107291 0.679687
1 0.538099 0.144531 0.535168 0.145508 0.535168 0.154297 0.538099 0.155273 0.541029 0.155273 0.54396 0.154297 0.54396 0.15332 0.552752 0.150391 0.552752 0.149414 0.555683 0.148438 0.555683 0.145508 0.552752 0.144531
1 0.63188 0.972656 0.628949 0.973633 0.628949 0.982422 0.63188 0.983398 0.637741 0.983398 0.646533 0.980469 0.646533 0.976562 0.640672 0.974609 0.640672 0.973633 0.637741 0.973633 0.634811 0.972656
1 0.362259 0.925781 0.359328 0.926758 0.359328 0.931641 0.362259 0.932617 0.362259 0.933594 0.36812 0.933594 0.371051 0.932617 0.376912 0.932617 0.379843 0.931641 0.379843 0.926758 0.376912 0.925781
1 0.760829 0.0546875 0.757898 0.0556641 0.757898 0.0605469 0.760829 0.0615234 0.76376 0.0615234 0.76669 0.0605469 0.76669 0.0556641 0.76376 0.0546875
1 0.0926377 0.679687 0.089707 0.680664 0.089707 0.685547 0.0926377 0.686523 0.10436 0.686523 0.110222 0.68457 0.110222 0.680664 0.107291 0.679687
1 0.23331 0.960938 0.230379 0.961914 0.230379 0.966797 0.23331 0.967773 0.250894 0.967773 0.253824 0.966797 0.256755 0.966797 0.256755 0.96582 0.253824 0.964844 0.253824 0.962891 0.247963 0.960938
1 0.458971 0.652344 0.453109 0.654297 0.453109 0.662109 0.45604 0.663086 0.470693 0.663086 0.473624 0.662109 0.473624 0.65332 0.470693 0.652344
1 0.749106 0.5625 0.746176 0.563477 0.746176 0.568359 0.754968 0.571289 0.754968 0.572266 0.757898 0.573242 0.760829 0.573242 0.76376 0.574219 0.76669 0.574219 0.769621 0.575195 0.769621 0.576172 0.775482 0.576172 0.775482 0.575195 0.76669 0.572266 0.76669 0.563477 0.76376 0.5625
