1 0.854492 0.195312 0.839844 0.200195 0.839844 0.208984 0.842773 0.209961 0.845703 0.209961 0.857422 0.206055 0.863281 0.206055 0.87207 0.203125 0.87207 0.202148 0.875 0.201172 0.875 0.200195 0.87207 0.199219 0.87207 0.196289 0.869141 0.195312
1 0.889648 0.230469 0.886719 0.231445 0.886719 0.236328 0.901367 0.241211 0.907227 0.241211 0.910156 0.240234 0.913086 0.240234 0.916016 0.239258 0.916016 0.238281 0.918945 0.237305 0.918945 0.231445 0.916016 0.230469
1 0.186523 0.144531 0.183594 0.145508 0.183594 0.154297 0.186523 0.155273 0.189453 0.155273 0.192383 0.154297 0.192383 0.15332 0.195312 0.152344 0.195312 0.151367 0.198242 0.150391 0.198242 0.149414 0.195312 0.148438 0.195312 0.146484 0.189453 0.144531
1 0.526367 0.671875 0.523438 0.672852 0.523438 0.677734 0.526367 0.678711 0.526367 0.679688 0.529297 0.679688 0.532227 0.678711 0.535156 0.678711 0.549805 0.673828 0.552734 0.673828 0.552734 0.672852 0.546875 0.672852 0.543945 0.671875
1 0.608398 0.714844 0.605469 0.71582 0.605469 0.724609 0.620117 0.729492 0.623047 0.729492 0.625977 0.728516 0.625977 0.727539 0.637695 0.723633 0.637695 0.71582 0.634766 0.714844
1 0.631836 0.0742188 0.628906 0.0751953 0.628906 0.0869141 0.631836 0.0878906 0.634766 0.0878906 0.649414 0.0830078 0.649414 0.0820312 0.646484 0.0810547 0.646484 0.0791016 0.637695 0.0761719 0.637695 0.0751953 0.634766 0.0742188
1 0.535156 0.250977 0.529297 0.25293 0.526367 0.25293 0.523438 0.253906 0.50293 0.253906 0.5 0.254883 0.5 0.259766 0.50293 0.260742 0.505859 0.260742 0.508789 0.261719 0.511719 0.261719 0.514648 0.262695 0.517578 0.262695 0.523438 0.260742 0.529297 0.260742 0.532227 0.259766 0.532227 0.258789 0.535156 0.257812 0.535156 0.256836 0.541016 0.254883 0.541016 0.25293 0.543945 0.251953 0.541016 0.250977
1 0.620117 0.636719 0.617188 0.637695 0.617188 0.646484 0.620117 0.647461 0.623047 0.647461 0.625977 0.646484 0.625977 0.645508 0.628906 0.644531 0.628906 0.643555 0.631836 0.642578 0.631836 0.641602 0.628906 0.640625 0.628906 0.638672 0.623047 0.636719
1 0.901367 0.550781 0.898438 0.551758 0.898438 0.560547 0.901367 0.561523 0.904297 0.561523 0.907227 0.560547 0.907227 0.558594 0.910156 0.557617 0.910156 0.556641 0.913086 0.555664 0.913086 0.554688 0.916016 0.553711 0.916016 0.551758 0.913086 0.551758 0.910156 0.550781
1 0.0927734 0.316406 0.0898438 0.317383 0.0898438 0.325195 0.0927734 0.326172 0.0957031 0.326172 0.110352 0.321289 0.110352 0.317383 0.107422 0.316406
1 0.233398 0.28125 0.230469 0.282227 0.230469 0.287109 0.233398 0.288086 0.245117 0.288086 0.250977 0.286133 0.248047 0.285156 0.248047 0.28418 0.239258 0.28125
1 0.50293 0.292969 0.5 0.293945 0.5 0.294922 0.50293 0.295898 0.526367 0.295898 0.529297 0.294922 0.529297 0.293945 0.526367 0.292969
1 0.50293 0.0859375 0.5 0.0869141 0.5 0.0878906 0.50293 0.0888672 0.511719 0.0888672 0.514648 0.0898438 0.517578 0.0898438 0.526367 0.0927734 0.532227 0.0927734 0.535156 0.0917969 0.538086 0.0917969 0.538086 0.0869141 0.535156 0.0869141 0.532227 0.0859375
1 0.341797 0.238281 0.335938 0.240234 0.335938 0.248047 0.338867 0.249023 0.382813 0.249023 0.385742 0.248047 0.388672 0.248047 0.388672 0.24707 0.394531 0.245117 0.394531 0.244141 0.400391 0.242188 0.400391 0.241211 0.40332 0.240234 0.397461 0.238281
1 0.50293 0.125 0.5 0.125977 0.5 0.130859 0.50293 0.131836 0.50293 0.132812 0.505859 0.132812 0.508789 0.133789 0.511719 0.133789 0.514648 0.134766 0.517578 0.134766 0.523438 0.132812 0.526367 0.132812 0.529297 0.131836 0.535156 0.131836 0.538086 0.130859 0.541016 0.130859 0.541016 0.128906 0.543945 0.12793 0.543945 0.125977 0.541016 0.125
1 0.198242 0.449219 0.195312 0.450195 0.195312 0.451172 0.198242 0.452148 0.198242 0.453125 0.204102 0.453125 0.207031 0.452148 0.212891 0.452148 0.21582 0.451172 0.21582 0.450195 0.212891 0.449219
1 0.842773 0.335938 0.839844 0.336914 0.839844 0.341797 0.842773 0.342773 0.857422 0.342773 0.860352 0.341797 0.860352 0.336914 0.857422 0.335938
1 0.78418 0.699219 0.78125 0.700195 0.78125 0.705078 0.78418 0.706055 0.798828 0.706055 0.801758 0.705078 0.801758 0.704102 0.798828 0.703125 0.798828 0.702148 0.792969 0.700195 0.790039 0.700195 0.787109 0.699219
1 0.59668 0.9375 0.59375 0.938477 0.59375 0.951172 0.59668 0.952148 0.602539 0.952148 0.605469 0.953125 0.608398 0.953125 0.617188 0.956055 0.634766 0.956055 0.637695 0.955078 0.637695 0.954102 0.643555 0.952148 0.646484 0.952148 0.649414 0.951172 0.649414 0.950195 0.658203 0.947266 0.658203 0.946289 0.637695 0.939453 0.637695 0.938477 0.634766 0.9375
1 0.608398 0.890625 0.605469 0.891602 0.605469 0.896484 0.608398 0.897461 0.608398 0.898438 0.614258 0.900391 0.617188 0.900391 0.620117 0.901367 0.623047 0.901367 0.625977 0.900391 0.625977 0.898438 0.628906 0.897461 0.628906 0.892578 0.623047 0.890625
1 0.291992 0.03125 0.289062 0.0322266 0.289062 0.0371094 0.291992 0.0380859 0.294922 0.0380859 0.297852 0.0371094 0.300781 0.0371094 0.303711 0.0361328 0.303711 0.0351562 0.306641 0.0341797 0.306641 0.0322266 0.303711 0.03125
1 0.772461 0.234375 0.769531 0.235352 0.769531 0.236328 0.772461 0.237305 0.787109 0.237305 0.790039 0.236328 0.790039 0.235352 0.787109 0.234375
1 0.631836 0.503906 0.628906 0.504883 0.628906 0.513672 0.631836 0.514648 0.646484 0.514648 0.649414 0.513672 0.649414 0.504883 0.646484 0.503906
1 0.467773 0.183594 0.464844 0.18457 0.464844 0.1875 0.467773 0.188477 0.467773 0.189453 0.470703 0.189453 0.470703 0.188477 0.479492 0.185547 0.479492 0.18457 0.476563 0.18457 0.473633 0.183594
1 0.620117 0.472656 0.617188 0.473633 0.617188 0.482422 0.620117 0.483398 0.634766 0.483398 0.640625 0.481445 0.640625 0.480469 0.646484 0.478516 0.646484 0.476562 0.634766 0.472656
