1 0.321408 0.941406 0.31848 0.942383 0.315553 0.942383 0.315553 0.943359 0.312625 0.944336 0.312625 0.955078 0.315553 0.956055 0.327264 0.956055 0.338974 0.952148 0.350685 0.952148 0.356541 0.950195 0.356541 0.942383 0.353613 0.941406
1 0.0813337 0.410156 0.078406 0.411133 0.078406 0.427734 0.0813337 0.428711 0.0813337 0.429688 0.0871892 0.429688 0.0901169 0.428711 0.0959724 0.428711 0.0989001 0.427734 0.0989001 0.425781 0.107683 0.422852 0.107683 0.420898 0.110611 0.419922 0.110611 0.414062 0.107683 0.413086 0.107683 0.412109 0.104756 0.411133 0.101828 0.411133 0.0989001 0.410156
1 0.912811 0.96875 0.9011 0.972656 0.898172 0.972656 0.898172 0.973633 0.892317 0.975586 0.886461 0.975586 0.883533 0.976562 0.877678 0.976562 0.87475 0.977539 0.87475 0.982422 0.877678 0.983398 0.880606 0.983398 0.892317 0.987305 0.915739 0.987305 0.930377 0.982422 0.930377 0.973633 0.927449 0.972656 0.927449 0.970703 0.924522 0.969727 0.921594 0.969727 0.918666 0.96875
1 0.350685 0.773438 0.347758 0.774414 0.347758 0.787109 0.350685 0.788086 0.365324 0.788086 0.368252 0.787109 0.368252 0.786133 0.377035 0.783203 0.377035 0.77832 0.368252 0.775391 0.368252 0.774414 0.365324 0.773438
1 0.338974 0.894531 0.336047 0.895508 0.336047 0.908203 0.338974 0.90918 0.353613 0.90918 0.356541 0.908203 0.356541 0.907227 0.362396 0.905273 0.365324 0.905273 0.368252 0.904297 0.368252 0.90332 0.37118 0.902344 0.37118 0.901367 0.374107 0.900391 0.374107 0.898438 0.37118 0.897461 0.37118 0.895508 0.368252 0.895508 0.365324 0.894531
1 0.620037 0.144531 0.617109 0.145508 0.617109 0.154297 0.620037 0.155273 0.634676 0.155273 0.637604 0.154297 0.637604 0.15332 0.649315 0.149414 0.649315 0.147461 0.652242 0.146484 0.646387 0.144531
1 0.889389 0.0859375 0.886461 0.0869141 0.886461 0.0927734 0.889389 0.09375 0.889389 0.0947266 0.892317 0.0957031 0.895244 0.0957031 0.898172 0.0966797 0.909883 0.0966797 0.912811 0.0957031 0.915739 0.0957031 0.915739 0.0947266 0.918666 0.09375 0.918666 0.0869141 0.915739 0.0859375
1 0.620037 0.929688 0.617109 0.930664 0.617109 0.935547 0.620037 0.936523 0.622965 0.936523 0.62882 0.93457 0.62882 0.931641 0.622965 0.929688
1 0.0696228 0.457031 0.066695 0.458008 0.066695 0.462891 0.0696228 0.463867 0.0871892 0.463867 0.0901169 0.462891 0.0930447 0.462891 0.0959724 0.461914 0.0901169 0.459961 0.0901169 0.458984 0.0842614 0.457031
1 0.725436 0.417969 0.722508 0.418945 0.722508 0.426758 0.725436 0.427734 0.734219 0.427734 0.743002 0.424805 0.743002 0.418945 0.740074 0.417969
1 0.0462009 0.949219 0.0432731 0.950195 0.0432731 0.955078 0.0462009 0.956055 0.0725505 0.956055 0.0754782 0.955078 0.0754782 0.950195 0.0725505 0.949219
1 0.233576 0.75 0.230648 0.750977 0.230648 0.755859 0.233576 0.756836 0.256998 0.756836 0.262853 0.754883 0.262853 0.750977 0.259926 0.75
1 0.198443 0.0625 0.195515 0.0634766 0.195515 0.0644531 0.198443 0.0654297 0.201371 0.0654297 0.204299 0.0664062 0.207226 0.0664062 0.213082 0.0683594 0.224793 0.0683594 0.22772 0.0673828 0.224793 0.0664062 0.224793 0.0634766 0.221865 0.0634766 0.218937 0.0625
1 0.350685 0.5625 0.347758 0.563477 0.347758 0.567383 0.353613 0.569336 0.365324 0.569336 0.368252 0.568359 0.368252 0.563477 0.365324 0.5625
1 0.0696228 0.296875 0.066695 0.297852 0.066695 0.302734 0.0696228 0.303711 0.0842614 0.303711 0.0871892 0.302734 0.0871892 0.297852 0.0842614 0.296875
1 0.186732 0.324219 0.183804 0.325195 0.183804 0.330078 0.186732 0.331055 0.201371 0.331055 0.204299 0.330078 0.204299 0.325195 0.201371 0.324219
1 0.397529 0.792969 0.394601 0.793945 0.394601 0.798828 0.397529 0.799805 0.406312 0.799805 0.40924 0.798828 0.420951 0.798828 0.426807 0.796875 0.429734 0.796875 0.432662 0.795898 0.43559 0.795898 0.438518 0.794922 0.438518 0.793945 0.43559 0.792969
1 0.139888 0.0976562 0.136961 0.0986328 0.136961 0.107422 0.139888 0.108398 0.142816 0.108398 0.145744 0.107422 0.148672 0.107422 0.148672 0.106445 0.154527 0.104492 0.154527 0.103516 0.157455 0.102539 0.157455 0.101562 0.154527 0.100586 0.154527 0.0986328 0.151599 0.0976562
1 0.456084 0.484375 0.453156 0.485352 0.453156 0.486328 0.467795 0.491211 0.476578 0.491211 0.479506 0.490234 0.482434 0.490234 0.482434 0.485352 0.479506 0.485352 0.476578 0.484375
1 0.327264 0.285156 0.324336 0.286133 0.324336 0.294922 0.330191 0.296875 0.333119 0.296875 0.338974 0.298828 0.341902 0.298828 0.347758 0.296875 0.350685 0.296875 0.353613 0.295898 0.356541 0.295898 0.359469 0.294922 0.359469 0.290039 0.356541 0.289062 0.356541 0.288086 0.353613 0.287109 0.353613 0.286133 0.347758 0.286133 0.34483 0.285156
