1 0.467741 0.898438 0.464809 0.899414 0.464809 0.908203 0.467741 0.90918 0.467741 0.910156 0.473606 0.912109 0.476539 0.912109 0.479472 0.913086 0.482404 0.913086 0.48827 0.911133 0.48827 0.905273 0.485337 0.904297 0.485337 0.90332 0.48827 0.902344 0.48827 0.901367 0.491202 0.900391 0.491202 0.899414 0.48827 0.899414 0.485337 0.898438
1 0.890038 0.914062 0.887106 0.915039 0.887106 0.919922 0.890038 0.920898 0.910567 0.920898 0.913499 0.919922 0.916432 0.919922 0.916432 0.918945 0.919365 0.917969 0.919365 0.915039 0.916432 0.914062
1 0.502933 0.796875 0.5 0.797852 0.5 0.802734 0.502933 0.803711 0.505865 0.803711 0.51173 0.805664 0.51173 0.806641 0.514663 0.807617 0.520528 0.807617 0.526394 0.80957 0.532259 0.807617 0.532259 0.800781 0.523461 0.797852 0.520528 0.797852 0.517596 0.796875
1 0.643698 0.339844 0.640766 0.34082 0.640766 0.345703 0.643698 0.34668 0.670092 0.34668 0.673025 0.345703 0.673025 0.341797 0.667159 0.339844
1 0.0923658 0.0351562 0.0894332 0.0361328 0.0894332 0.0439453 0.0923658 0.0449219 0.101164 0.0449219 0.104096 0.0439453 0.118759 0.0439453 0.118759 0.0429688 0.121692 0.0419922 0.121692 0.0361328 0.118759 0.0351562
1 0.0806353 0.734375 0.0777027 0.735352 0.0777027 0.739258 0.0835679 0.741211 0.0865006 0.740234 0.0894332 0.740234 0.0923658 0.739258 0.0952984 0.739258 0.101164 0.741211 0.104096 0.741211 0.107029 0.742188 0.109962 0.742188 0.115827 0.744141 0.118759 0.744141 0.118759 0.743164 0.121692 0.742188 0.121692 0.736328 0.115827 0.734375
1 0.608507 0.503906 0.605574 0.504883 0.605574 0.513672 0.608507 0.514648 0.634901 0.514648 0.637833 0.513672 0.637833 0.508789 0.62317 0.503906
1 0.761003 0.230469 0.758071 0.231445 0.758071 0.232422 0.766868 0.235352 0.766868 0.236328 0.769801 0.237305 0.769801 0.240234 0.772734 0.241211 0.784464 0.241211 0.790329 0.239258 0.790329 0.234375 0.787397 0.233398 0.787397 0.232422 0.784464 0.231445 0.781532 0.231445 0.778599 0.230469
1 0.514663 0.777344 0.51173 0.77832 0.51173 0.783203 0.514663 0.78418 0.529326 0.78418 0.532259 0.783203 0.532259 0.78125 0.535191 0.780273 0.535191 0.77832 0.532259 0.777344
1 0.61144 0.609375 0.605574 0.611328 0.605574 0.620117 0.608507 0.621094 0.608507 0.62207 0.61144 0.623047 0.617305 0.623047 0.620237 0.624023 0.646631 0.624023 0.649564 0.623047 0.649564 0.614258 0.634901 0.609375
1 0.326975 0.707031 0.312312 0.711914 0.312312 0.720703 0.315245 0.72168 0.37683 0.72168 0.382695 0.719727 0.382695 0.71875 0.38856 0.716797 0.38856 0.71582 0.385628 0.714844 0.385628 0.713867 0.382695 0.712891 0.382695 0.711914 0.385628 0.710938 0.385628 0.709961 0.38856 0.708984 0.38856 0.708008 0.382695 0.708008 0.379763 0.707031
1 0.0923658 0.140625 0.0894332 0.141602 0.0894332 0.154297 0.0923658 0.155273 0.0923658 0.15625 0.101164 0.15625 0.104096 0.155273 0.107029 0.155273 0.109962 0.154297 0.109962 0.149414 0.112894 0.148438 0.112894 0.147461 0.115827 0.146484 0.115827 0.145508 0.109962 0.143555 0.109962 0.142578 0.104096 0.140625
1 0.0923658 0.105469 0.0894332 0.106445 0.0894332 0.128906 0.0923658 0.129883 0.0923658 0.130859 0.0952984 0.130859 0.098231 0.131836 0.104096 0.131836 0.107029 0.132812 0.115827 0.132812 0.121692 0.130859 0.121692 0.129883 0.127557 0.12793 0.13049 0.12793 0.13049 0.126953 0.139288 0.124023 0.148086 0.124023 0.151018 0.123047 0.153951 0.123047 0.153951 0.12207 0.156883 0.121094 0.156883 0.118164 0.14222 0.113281 0.13049 0.113281 0.107029 0.105469
1 0.341639 0.183594 0.335773 0.185547 0.335773 0.193359 0.338706 0.194336 0.338706 0.195312 0.344571 0.195312 0.347504 0.196289 0.353369 0.196289 0.359234 0.198242 0.38856 0.198242 0.391493 0.197266 0.391493 0.195312 0.38856 0.194336 0.38856 0.193359 0.382695 0.191406 0.382695 0.19043 0.379763 0.189453 0.391493 0.185547 0.391493 0.18457 0.38856 0.183594
1 0.350436 0.304688 0.347504 0.305664 0.347504 0.317383 0.350436 0.318359 0.353369 0.318359 0.362167 0.31543 0.365099 0.31543 0.368032 0.314453 0.368032 0.310547 0.356302 0.306641 0.356302 0.305664 0.353369 0.304688
1 0.502933 0.507812 0.5 0.508789 0.5 0.509766 0.502933 0.510742 0.502933 0.511719 0.508798 0.511719 0.51173 0.510742 0.526394 0.510742 0.529326 0.509766 0.529326 0.508789 0.526394 0.507812
1 0.890038 0.265625 0.887106 0.266602 0.887106 0.279297 0.890038 0.280273 0.907634 0.280273 0.910567 0.279297 0.913499 0.279297 0.919365 0.277344 0.922297 0.277344 0.92523 0.276367 0.928163 0.276367 0.934028 0.274414 0.931095 0.273438 0.931095 0.270508 0.928163 0.269531 0.92523 0.269531 0.919365 0.267578 0.919365 0.266602 0.916432 0.265625
