1 0.5 0.808594 0.497069 0.80957 0.494139 0.80957 0.491208 0.810547 0.491208 0.811523 0.488277 0.8125 0.488277 0.814453 0.482416 0.816406 0.479485 0.816406 0.479485 0.817383 0.476555 0.818359 0.476555 0.833984 0.479485 0.834961 0.482416 0.834961 0.488277 0.833008 0.488277 0.832031 0.491208 0.831055 0.491208 0.830078 0.494139 0.829102 0.494139 0.827148 0.497069 0.826172 0.497069 0.825195 0.505861 0.822266 0.505861 0.821289 0.508792 0.820312 0.508792 0.814453 0.511723 0.813477 0.511723 0.8125 0.517584 0.810547 0.517584 0.80957 0.514653 0.808594
1 0.784274 0.886719 0.781344 0.887695 0.781344 0.896484 0.784274 0.897461 0.798928 0.897461 0.801858 0.896484 0.801858 0.895508 0.80772 0.893555 0.81065 0.893555 0.813581 0.892578 0.813581 0.887695 0.81065 0.886719
1 0.467763 0.746094 0.464832 0.74707 0.464832 0.751953 0.479485 0.756836 0.482416 0.756836 0.485347 0.755859 0.485347 0.754883 0.494139 0.751953 0.494139 0.750977 0.497069 0.75 0.497069 0.748047 0.491208 0.746094
1 0.573267 0.140625 0.570336 0.141602 0.570336 0.146484 0.573267 0.147461 0.579128 0.147461 0.582059 0.146484 0.584989 0.146484 0.58792 0.145508 0.58792 0.144531 0.590851 0.143555 0.590851 0.141602 0.58792 0.140625
1 0.795997 0.214844 0.793066 0.21582 0.793066 0.219727 0.80772 0.224609 0.813581 0.224609 0.813581 0.223633 0.816512 0.222656 0.816512 0.22168 0.819442 0.220703 0.819442 0.219727 0.813581 0.217773 0.813581 0.21582 0.81065 0.214844
1 0.772552 0.835938 0.769621 0.836914 0.769621 0.838867 0.772552 0.839844 0.772552 0.841797 0.775482 0.841797 0.778413 0.84082 0.784274 0.84082 0.787205 0.839844 0.787205 0.838867 0.790136 0.837891 0.790136 0.836914 0.787205 0.835938
1 0.514653 0.859375 0.511723 0.860352 0.511723 0.865234 0.514653 0.866211 0.517584 0.866211 0.520515 0.865234 0.520515 0.860352 0.517584 0.859375
1 0.538099 0.1875 0.535168 0.188477 0.535168 0.193359 0.538099 0.194336 0.541029 0.194336 0.549821 0.191406 0.552752 0.191406 0.555683 0.19043 0.555683 0.188477 0.552752 0.1875
1 0.245032 0.949219 0.242102 0.950195 0.242102 0.952148 0.245032 0.953125 0.245032 0.955078 0.247963 0.955078 0.253824 0.953125 0.256755 0.953125 0.262616 0.951172 0.262616 0.950195 0.259686 0.949219
1 0.209864 0.90625 0.206934 0.907227 0.206934 0.90918 0.218656 0.913086 0.23624 0.913086 0.239171 0.912109 0.239171 0.907227 0.23624 0.90625
1 0.221587 0.8125 0.218656 0.813477 0.218656 0.818359 0.221587 0.819336 0.247963 0.819336 0.250894 0.820312 0.253824 0.820312 0.256755 0.821289 0.262616 0.819336 0.262616 0.813477 0.259686 0.8125 0.242102 0.8125 0.239171 0.813477 0.230379 0.813477 0.227448 0.8125
1 0.10436 0.675781 0.10143 0.676758 0.10143 0.685547 0.10436 0.686523 0.116083 0.686523 0.121944 0.68457 0.121944 0.680664 0.124875 0.679687 0.124875 0.677734 0.119014 0.675781
1 0.924946 0.460938 0.922016 0.461914 0.922016 0.466797 0.927877 0.46875 0.930808 0.467773 0.936669 0.467773 0.94253 0.46582 0.94253 0.461914 0.9396 0.460938
1 0.198142 0.574219 0.195211 0.575195 0.195211 0.577148 0.198142 0.578125 0.198142 0.579102 0.201072 0.579102 0.201072 0.578125 0.204003 0.577148 0.204003 0.575195 0.201072 0.574219
1 0.784274 0.285156 0.781344 0.286133 0.781344 0.294922 0.784274 0.295898 0.80772 0.295898 0.81065 0.294922 0.81065 0.291992 0.80772 0.291016 0.80772 0.290039 0.81065 0.289062 0.81065 0.287109 0.80772 0.286133 0.804789 0.286133 0.801858 0.285156
1 0.127806 0.488281 0.124875 0.489258 0.124875 0.494141 0.127806 0.495117 0.130736 0.495117 0.136598 0.493164 0.136598 0.489258 0.133667 0.489258 0.130736 0.488281
1 0.268478 0.121094 0.265547 0.12207 0.265547 0.123047 0.268478 0.124023 0.271408 0.124023 0.27727 0.125977 0.27727 0.126953 0.2802 0.12793 0.291923 0.12793 0.294853 0.126953 0.294853 0.125977 0.297784 0.125 0.297784 0.12207 0.294853 0.121094
1 0.10436 0.191406 0.10143 0.192383 0.10143 0.197266 0.10436 0.198242 0.113152 0.198242 0.116083 0.197266 0.119014 0.197266 0.121944 0.196289 0.121944 0.192383 0.119014 0.191406
1 0.514653 0.113281 0.511723 0.114258 0.511723 0.115234 0.514653 0.116211 0.514653 0.117188 0.520515 0.119141 0.523445 0.119141 0.526376 0.120117 0.535168 0.120117 0.538099 0.121094 0.546891 0.121094 0.549821 0.12207 0.552752 0.121094 0.555683 0.121094 0.558613 0.120117 0.564475 0.120117 0.567405 0.119141 0.570336 0.119141 0.570336 0.116211 0.567405 0.115234 0.567405 0.114258 0.564475 0.113281
1 0.80772 0.402344 0.804789 0.40332 0.804789 0.408203 0.80772 0.40918 0.81065 0.40918 0.822373 0.405273 0.825304 0.405273 0.828234 0.404297 0.828234 0.40332 0.825304 0.40332 0.822373 0.402344
1 0.479485 0.71875 0.476555 0.719727 0.476555 0.731445 0.479485 0.732422 0.482416 0.732422 0.485347 0.731445 0.485347 0.729492 0.488277 0.728516 0.488277 0.727539 0.494139 0.725586 0.494139 0.724609 0.502931 0.72168 0.526376 0.72168 0.529307 0.720703 0.529307 0.719727 0.526376 0.71875
1 0.502931 0.714844 0.5 0.71582 0.497069 0.71582 0.494139 0.716797 0.488277 0.716797 0.485347 0.71582 0.479485 0.71582 0.476555 0.716797 0.476555 0.728516 0.479485 0.729492 0.482416 0.729492 0.485347 0.728516 0.488277 0.728516 0.491208 0.727539 0.491208 0.726562 0.494139 0.725586 0.494139 0.724609 0.502931 0.72168 0.526376 0.72168 0.532237 0.719727 0.532237 0.71582 0.529307 0.714844
1 0.0691924 0.0078125 0.0662617 0.00878906 0.0662617 0.0136719 0.0691924 0.0146484 0.0750537 0.0146484 0.0779844 0.0136719 0.080915 0.0136719 0.0838457 0.0126953 0.0838457 0.0107422 0.0867764 0.00976562 0.080915 0.0078125
1 0.291923 0.496094 0.288992 0.49707 0.288992 0.499023 0.291923 0.5 0.291923 0.500977 0.294853 0.500977 0.297784 0.5 0.300715 0.5 0.303645 0.499023 0.306576 0.499023 0.309507 0.498047 0.309507 0.49707 0.306576 0.496094
1 0.526376 0.758789 0.523445 0.759766 0.517584 0.759766 0.514653 0.760742 0.514653 0.761719 0.511723 0.762695 0.511723 0.763672 0.514653 0.764648 0.523445 0.764648 0.526376 0.763672 0.529307 0.763672 0.529307 0.759766
1 0.221587 0.71875 0.218656 0.719727 0.218656 0.72168 0.221587 0.722656 0.224518 0.722656 0.227448 0.72168 0.227448 0.719727 0.224518 0.71875
1 0.444317 0.867188 0.441387 0.868164 0.441387 0.888672 0.444317 0.889648 0.450179 0.889648 0.453109 0.888672 0.458971 0.888672 0.458971 0.884766 0.45604 0.883789 0.45604 0.879883 0.458971 0.878906 0.458971 0.875977 0.461901 0.875 0.461901 0.87207 0.458971 0.871094 0.458971 0.868164 0.453109 0.868164 0.450179 0.867188
1 0.526376 0.230469 0.523445 0.231445 0.523445 0.235352 0.529307 0.237305 0.541029 0.237305 0.54396 0.236328 0.54396 0.233398 0.546891 0.232422 0.541029 0.230469
1 0.514653 0.476562 0.511723 0.477539 0.511723 0.482422 0.514653 0.483398 0.520515 0.483398 0.523445 0.482422 0.526376 0.482422 0.529307 0.481445 0.526376 0.480469 0.526376 0.479492 0.523445 0.478516 0.523445 0.477539 0.520515 0.477539 0.517584 0.476562
1 0.127806 0.433594 0.124875 0.43457 0.124875 0.443359 0.127806 0.444336 0.130736 0.444336 0.136598 0.442383 0.136598 0.441406 0.14539 0.438477 0.14539 0.43457 0.142459 0.433594
1 0.127806 0.886719 0.124875 0.887695 0.124875 0.892578 0.127806 0.893555 0.130736 0.893555 0.133667 0.892578 0.133667 0.887695 0.130736 0.886719
1 0.743245 0.617188 0.740314 0.618164 0.737384 0.618164 0.737384 0.619141 0.740314 0.620117 0.76376 0.620117 0.76669 0.619141 0.76669 0.618164 0.76376 0.617188
1 0.634811 0.0820312 0.628949 0.0839844 0.628949 0.0849609 0.626019 0.0859375 0.626019 0.0869141 0.620157 0.0888672 0.611365 0.0888672 0.605504 0.0908203 0.605504 0.09375 0.608435 0.0947266 0.608435 0.0957031 0.611365 0.0957031 0.620157 0.0927734 0.623088 0.0927734 0.626019 0.09375 0.63188 0.09375 0.640672 0.0966797 0.649464 0.0966797 0.652395 0.0976562 0.664117 0.0976562 0.667048 0.0966797 0.681701 0.0966797 0.684632 0.0957031 0.684632 0.0908203 0.681701 0.0898438 0.67877 0.0898438 0.672909 0.0878906 0.672909 0.0830078 0.669978 0.0820312
1 0.514653 0.679687 0.511723 0.680664 0.511723 0.686523 0.514653 0.6875 0.514653 0.689453 0.517584 0.689453 0.520515 0.688477 0.520515 0.685547 0.523445 0.68457 0.523445 0.680664 0.520515 0.680664 0.517584 0.679687
1 0.514653 0.475586 0.514653 0.476562 0.511723 0.477539 0.511723 0.482422 0.514653 0.483398 0.520515 0.483398 0.523445 0.482422 0.526376 0.482422 0.526376 0.480469 0.523445 0.479492 0.523445 0.476562 0.520515 0.475586
1 0.526376 0.230469 0.520515 0.232422 0.520515 0.235352 0.517584 0.236328 0.517584 0.237305 0.514653 0.238281 0.514653 0.244141 0.517584 0.245117 0.538099 0.245117 0.541029 0.244141 0.54396 0.244141 0.54396 0.243164 0.541029 0.242188 0.541029 0.241211 0.538099 0.240234 0.538099 0.239258 0.541029 0.238281 0.541029 0.237305 0.54396 0.236328 0.54396 0.233398 0.546891 0.232422 0.541029 0.230469
1 0.256755 0.980469 0.253824 0.981445 0.253824 0.986328 0.256755 0.987305 0.271408 0.987305 0.274339 0.986328 0.274339 0.981445 0.271408 0.980469
