1 0.582059 0.164062 0.579128 0.165039 0.573267 0.165039 0.573267 0.166992 0.570336 0.167969 0.570336 0.177734 0.573267 0.178711 0.579128 0.178711 0.582059 0.179688 0.58792 0.179688 0.590851 0.178711 0.593781 0.178711 0.596712 0.177734 0.599643 0.177734 0.599643 0.176758 0.602573 0.175781 0.602573 0.173828 0.605504 0.172852 0.605504 0.171875 0.608435 0.170898 0.611365 0.170898 0.614296 0.169922 0.614296 0.165039 0.611365 0.164062
1 0.502931 0.460938 0.5 0.461914 0.5 0.466797 0.505861 0.46875 0.517584 0.46875 0.520515 0.467773 0.523445 0.467773 0.526376 0.466797 0.526376 0.46582 0.523445 0.464844 0.523445 0.463867 0.520515 0.462891 0.520515 0.461914 0.517584 0.460938
1 0.479485 0.703125 0.476555 0.704102 0.476555 0.708984 0.479485 0.709961 0.494139 0.709961 0.5 0.708008 0.5 0.707031 0.502931 0.706055 0.502931 0.704102 0.5 0.704102 0.497069 0.703125
1 0.45604 0.9375 0.453109 0.938477 0.453109 0.943359 0.45604 0.944336 0.470693 0.944336 0.473624 0.943359 0.473624 0.942383 0.476555 0.941406 0.476555 0.94043 0.479485 0.939453 0.479485 0.938477 0.476555 0.938477 0.473624 0.9375
1 0.889778 0.511719 0.886848 0.512695 0.886848 0.516602 0.889778 0.517578 0.889778 0.518555 0.892709 0.518555 0.89564 0.519531 0.89857 0.519531 0.901501 0.520508 0.904432 0.520508 0.910293 0.518555 0.913224 0.518555 0.919085 0.516602 0.919085 0.513672 0.913224 0.511719
1 0.350536 0.128906 0.347605 0.129883 0.347605 0.142578 0.350536 0.143555 0.350536 0.144531 0.356397 0.146484 0.359328 0.146484 0.362259 0.147461 0.373981 0.147461 0.379843 0.145508 0.379843 0.142578 0.382773 0.141602 0.382773 0.140625 0.385704 0.139648 0.388635 0.139648 0.388635 0.138672 0.391565 0.137695 0.391565 0.134766 0.388635 0.133789 0.388635 0.132812 0.385704 0.132812 0.382773 0.131836 0.382773 0.130859 0.376912 0.128906
1 0.526376 0.839844 0.523445 0.84082 0.523445 0.849609 0.526376 0.850586 0.532237 0.850586 0.535168 0.849609 0.538099 0.849609 0.541029 0.848633 0.541029 0.847656 0.54396 0.84668 0.54396 0.84082 0.541029 0.839844
1 0.502931 0.640625 0.5 0.641602 0.5 0.646484 0.502931 0.647461 0.505861 0.647461 0.508792 0.648438 0.511723 0.648438 0.514653 0.649414 0.514653 0.650391 0.517584 0.650391 0.526376 0.647461 0.529307 0.647461 0.529307 0.646484 0.532237 0.645508 0.532237 0.641602 0.529307 0.640625
1 0.327091 0.0703125 0.32416 0.0712891 0.32416 0.0839844 0.330021 0.0859375 0.332952 0.0849609 0.376912 0.0849609 0.385704 0.0820312 0.388635 0.0820312 0.391565 0.0810547 0.400357 0.0810547 0.403288 0.0800781 0.403288 0.0712891 0.400357 0.0703125
1 0.514653 0.4375 0.511723 0.438477 0.511723 0.442383 0.514653 0.443359 0.520515 0.443359 0.529307 0.44043 0.529307 0.438477 0.526376 0.438477 0.523445 0.4375
1 0.373981 0.914062 0.371051 0.915039 0.371051 0.919922 0.373981 0.920898 0.397427 0.920898 0.403288 0.918945 0.403288 0.915039 0.400357 0.914062
1 0.397427 0.09375 0.394496 0.0947266 0.394496 0.0957031 0.376912 0.101562 0.371051 0.101562 0.353467 0.0957031 0.353467 0.0947266 0.350536 0.0947266 0.350536 0.0966797 0.347605 0.0976562 0.347605 0.111328 0.359328 0.115234 0.359328 0.116211 0.362259 0.116211 0.365189 0.117188 0.36812 0.116211 0.403288 0.116211 0.415011 0.112305 0.415011 0.110352 0.420872 0.108398 0.423803 0.108398 0.426733 0.107422 0.426733 0.105469 0.432595 0.103516 0.432595 0.102539 0.417941 0.0976562 0.417941 0.0966797 0.415011 0.0957031 0.415011 0.0947266 0.41208 0.09375
1 0.10436 0.0664062 0.10143 0.0673828 0.10143 0.0732422 0.10436 0.0742188 0.10436 0.0751953 0.119014 0.0751953 0.119014 0.0742188 0.121944 0.0732422 0.121944 0.0673828 0.119014 0.0664062
1 0.514653 0.910156 0.511723 0.911133 0.511723 0.916016 0.514653 0.916992 0.514653 0.917969 0.520515 0.917969 0.523445 0.916992 0.529307 0.916992 0.532237 0.916016 0.532237 0.915039 0.535168 0.914062 0.535168 0.911133 0.532237 0.911133 0.529307 0.910156
1 0.772552 0.796875 0.769621 0.797852 0.769621 0.802734 0.772552 0.803711 0.778413 0.803711 0.784274 0.801758 0.784274 0.799805 0.787205 0.798828 0.784274 0.797852 0.781344 0.797852 0.778413 0.796875
1 0.0838457 0.242188 0.0779844 0.244141 0.0779844 0.249023 0.0867764 0.251953 0.0955684 0.251953 0.10436 0.249023 0.110222 0.249023 0.124875 0.244141 0.124875 0.243164 0.121944 0.243164 0.119014 0.242188
1 0.245032 0.828125 0.242102 0.829102 0.242102 0.833984 0.245032 0.834961 0.247963 0.834961 0.250894 0.833984 0.250894 0.829102 0.247963 0.828125
1 0.373981 0.417969 0.371051 0.418945 0.371051 0.426758 0.373981 0.427734 0.379843 0.427734 0.379843 0.425781 0.382773 0.424805 0.382773 0.420898 0.385704 0.419922 0.379843 0.417969
1 0.502931 0.644531 0.5 0.645508 0.5 0.646484 0.502931 0.647461 0.505861 0.647461 0.508792 0.648438 0.511723 0.648438 0.514653 0.649414 0.517584 0.649414 0.520515 0.648438 0.523445 0.648438 0.526376 0.647461 0.529307 0.647461 0.529307 0.645508 0.526376 0.644531
1 0.819442 0.796875 0.816512 0.797852 0.816512 0.802734 0.819442 0.803711 0.822373 0.803711 0.825304 0.802734 0.825304 0.797852 0.822373 0.796875
1 0.502931 0.160156 0.5 0.161133 0.5 0.166016 0.502931 0.166992 0.505861 0.166992 0.508792 0.166016 0.508792 0.161133 0.505861 0.160156
1 0.373981 0.503906 0.371051 0.504883 0.371051 0.507812 0.373981 0.508789 0.373981 0.509766 0.376912 0.509766 0.379843 0.508789 0.379843 0.504883 0.376912 0.503906
