1 0.479472 0.765625 0.476539 0.766602 0.476539 0.771484 0.479472 0.772461 0.494135 0.772461 0.497067 0.771484 0.497067 0.770508 0.5 0.769531 0.5 0.768555 0.502933 0.767578 0.502933 0.766602 0.5 0.766602 0.497067 0.765625
1 0.174479 0.183594 0.171547 0.18457 0.171547 0.189453 0.174479 0.19043 0.177412 0.19043 0.180344 0.189453 0.180344 0.188477 0.189142 0.185547 0.189142 0.18457 0.18621 0.183594
1 0.608507 0.914062 0.605574 0.915039 0.605574 0.923828 0.608507 0.924805 0.61144 0.924805 0.626103 0.919922 0.626103 0.916016 0.620237 0.914062
1 0.655429 0.00390625 0.652496 0.00488281 0.652496 0.00585938 0.655429 0.00683594 0.667159 0.00683594 0.670092 0.0078125 0.681822 0.0078125 0.681822 0.00683594 0.684755 0.00585938 0.684755 0.00488281 0.681822 0.00390625
1 0.19794 0.09375 0.195008 0.0947266 0.195008 0.0996094 0.19794 0.100586 0.200873 0.100586 0.203805 0.0996094 0.203805 0.0947266 0.200873 0.09375
1 0.362167 0.960938 0.359234 0.961914 0.359234 0.966797 0.362167 0.967773 0.37683 0.967773 0.382695 0.96582 0.382695 0.964844 0.38856 0.962891 0.38856 0.961914 0.385628 0.960938
1 0.617305 0.1875 0.614372 0.188477 0.61144 0.188477 0.608507 0.189453 0.608507 0.19043 0.605574 0.191406 0.605574 0.201172 0.61144 0.203125 0.614372 0.203125 0.620237 0.205078 0.62317 0.205078 0.631968 0.202148 0.634901 0.202148 0.637833 0.201172 0.637833 0.200195 0.643698 0.198242 0.646631 0.198242 0.649564 0.197266 0.649564 0.196289 0.658361 0.193359 0.658361 0.192383 0.649564 0.189453 0.649564 0.188477 0.646631 0.1875
1 0.620237 0.890625 0.617305 0.891602 0.617305 0.896484 0.620237 0.897461 0.634901 0.897461 0.640766 0.895508 0.640766 0.894531 0.637833 0.893555 0.637833 0.891602 0.634901 0.890625
1 0.620237 0.972656 0.617305 0.973633 0.617305 0.979492 0.620237 0.980469 0.620237 0.981445 0.62317 0.981445 0.626103 0.980469 0.629035 0.980469 0.631968 0.979492 0.634901 0.979492 0.637833 0.978516 0.637833 0.973633 0.634901 0.972656
1 0.866578 0.84375 0.863645 0.844727 0.863645 0.853516 0.866578 0.854492 0.878308 0.854492 0.884173 0.852539 0.884173 0.847656 0.887106 0.84668 0.887106 0.844727 0.884173 0.844727 0.881241 0.84375
1 0.890038 0.761719 0.887106 0.762695 0.887106 0.767578 0.890038 0.768555 0.892971 0.768555 0.904702 0.772461 0.916432 0.772461 0.919365 0.771484 0.919365 0.762695 0.916432 0.761719
1 0.0689048 0.75 0.0659722 0.750977 0.0659722 0.759766 0.0689048 0.760742 0.0806353 0.760742 0.0865006 0.758789 0.0865006 0.750977 0.0835679 0.75
1 0.362167 0.015625 0.359234 0.0166016 0.359234 0.0214844 0.362167 0.0224609 0.37683 0.0224609 0.379763 0.0214844 0.379763 0.0166016 0.37683 0.015625
1 0.174479 0.832031 0.171547 0.833008 0.171547 0.837891 0.174479 0.838867 0.177412 0.838867 0.192075 0.833984 0.192075 0.833008 0.189142 0.832031
1 0.620237 0.976562 0.617305 0.977539 0.617305 0.979492 0.62317 0.981445 0.629035 0.979492 0.634901 0.979492 0.637833 0.978516 0.637833 0.977539 0.634901 0.976562
