1 0.294853 0.476562 0.288992 0.478516 0.288992 0.490234 0.291923 0.491211 0.318299 0.491211 0.321229 0.490234 0.32416 0.490234 0.330021 0.488281 0.330021 0.487305 0.332952 0.486328 0.332952 0.477539 0.330021 0.476562
1 0.467763 0.617188 0.464832 0.618164 0.464832 0.624023 0.467763 0.625 0.467763 0.625977 0.470693 0.625977 0.473624 0.626953 0.482416 0.626953 0.482416 0.625977 0.491208 0.623047 0.494139 0.623047 0.494139 0.621094 0.497069 0.620117 0.497069 0.618164 0.494139 0.617188
1 0.842888 0.773438 0.839957 0.774414 0.839957 0.783203 0.842888 0.78418 0.842888 0.785156 0.845818 0.785156 0.85168 0.787109 0.857541 0.787109 0.866333 0.78418 0.869264 0.78418 0.872194 0.783203 0.872194 0.782227 0.878056 0.780273 0.880986 0.780273 0.883917 0.779297 0.883917 0.77832 0.869264 0.773438
1 0.350536 0.0078125 0.347605 0.00878906 0.347605 0.0185547 0.350536 0.0195312 0.350536 0.0205078 0.353467 0.0205078 0.356397 0.0195312 0.359328 0.0195312 0.362259 0.0185547 0.365189 0.0185547 0.36812 0.0175781 0.371051 0.0175781 0.376912 0.015625 0.376912 0.0146484 0.379843 0.0136719 0.379843 0.00878906 0.376912 0.0078125
1 0.0691924 0.351562 0.0662617 0.352539 0.0662617 0.361328 0.0691924 0.362305 0.0838457 0.362305 0.0867764 0.361328 0.0867764 0.359375 0.089707 0.358398 0.089707 0.352539 0.0867764 0.352539 0.0838457 0.351562
1 0.866333 0.410156 0.85461 0.414062 0.85461 0.415039 0.85168 0.416016 0.85168 0.421875 0.85461 0.422852 0.85461 0.423828 0.863402 0.423828 0.866333 0.424805 0.880986 0.424805 0.883917 0.423828 0.883917 0.422852 0.886848 0.421875 0.886848 0.420898 0.889778 0.419922 0.889778 0.418945 0.886848 0.417969 0.886848 0.416992 0.883917 0.416016 0.883917 0.413086 0.880986 0.412109 0.880986 0.411133 0.878056 0.411133 0.875125 0.410156
1 0.315368 0.046875 0.312437 0.0478516 0.312437 0.0566406 0.315368 0.0576172 0.330021 0.0576172 0.332952 0.0566406 0.332952 0.0478516 0.330021 0.046875
1 0.85461 0.984375 0.85168 0.985352 0.85168 0.990234 0.85461 0.991211 0.872194 0.991211 0.878056 0.989258 0.872194 0.987305 0.872194 0.985352 0.869264 0.984375
1 0.878056 0.453125 0.875125 0.454102 0.875125 0.462891 0.878056 0.463867 0.892709 0.463867 0.89564 0.462891 0.89564 0.460938 0.89857 0.459961 0.89857 0.458008 0.901501 0.457031 0.901501 0.456055 0.904432 0.455078 0.904432 0.454102 0.901501 0.454102 0.89857 0.453125
1 0.45604 0.574219 0.453109 0.575195 0.453109 0.580078 0.45604 0.581055 0.470693 0.581055 0.473624 0.582031 0.482416 0.582031 0.485347 0.581055 0.491208 0.581055 0.497069 0.579102 0.497069 0.575195 0.494139 0.574219
1 0.795997 0.46875 0.793066 0.469727 0.793066 0.474609 0.795997 0.475586 0.819442 0.475586 0.825304 0.473633 0.825304 0.470703 0.819442 0.46875
1 0.67877 0.480469 0.67584 0.481445 0.67584 0.490234 0.67877 0.491211 0.693424 0.491211 0.699285 0.489258 0.699285 0.487305 0.702216 0.486328 0.702216 0.485352 0.699285 0.484375 0.699285 0.482422 0.693424 0.480469
1 0.268478 0.929688 0.265547 0.930664 0.265547 0.939453 0.268478 0.94043 0.283131 0.94043 0.294853 0.936523 0.294853 0.935547 0.297784 0.93457 0.297784 0.931641 0.291923 0.929688
1 0.0691924 0.0742188 0.0662617 0.0751953 0.0662617 0.0800781 0.0691924 0.0810547 0.072123 0.0810547 0.0750537 0.0800781 0.0750537 0.0751953 0.072123 0.0742188
1 0.772552 0.804688 0.769621 0.805664 0.769621 0.810547 0.772552 0.811523 0.775482 0.811523 0.778413 0.810547 0.778413 0.807617 0.781344 0.806641 0.775482 0.804688
1 0.866333 0.09375 0.863402 0.0947266 0.863402 0.102539 0.869264 0.104492 0.880986 0.104492 0.89564 0.0996094 0.89564 0.0947266 0.892709 0.09375
1 0.0574697 0.820312 0.0545391 0.821289 0.0545391 0.831055 0.0574697 0.832031 0.0574697 0.833008 0.0604004 0.833008 0.0633311 0.832031 0.0662617 0.832031 0.0691924 0.831055 0.072123 0.831055 0.0750537 0.830078 0.0750537 0.824219 0.072123 0.823242 0.072123 0.822266 0.0691924 0.821289 0.0662617 0.821289 0.0633311 0.820312
1 0.467763 0.867188 0.464832 0.868164 0.464832 0.871094 0.467763 0.87207 0.467763 0.873047 0.473624 0.875 0.473624 0.875977 0.476555 0.876953 0.476555 0.879883 0.479485 0.880859 0.482416 0.880859 0.485347 0.879883 0.485347 0.876953 0.488277 0.875977 0.488277 0.875 0.494139 0.873047 0.494139 0.87207 0.485347 0.869141 0.485347 0.868164 0.482416 0.867188
1 0.728592 0.40625 0.72273 0.408203 0.72273 0.416016 0.725661 0.416992 0.740314 0.416992 0.749106 0.414062 0.752037 0.414062 0.754968 0.413086 0.76376 0.413086 0.76669 0.412109 0.769621 0.412109 0.769621 0.410156 0.76669 0.40918 0.76669 0.407227 0.76376 0.40625
1 0.479485 0.429688 0.476555 0.430664 0.476555 0.439453 0.479485 0.44043 0.479485 0.441406 0.482416 0.442383 0.485347 0.441406 0.491208 0.441406 0.497069 0.439453 0.497069 0.43457 0.494139 0.433594 0.494139 0.432617 0.488277 0.430664 0.485347 0.430664 0.482416 0.429688
1 0.209864 0.367188 0.206934 0.368164 0.206934 0.37207 0.212795 0.374023 0.224518 0.374023 0.227448 0.373047 0.227448 0.37207 0.230379 0.371094 0.230379 0.370117 0.23331 0.369141 0.23331 0.368164 0.230379 0.368164 0.227448 0.367188
1 0.749106 0.378906 0.746176 0.379883 0.746176 0.384766 0.749106 0.385742 0.76669 0.385742 0.769621 0.386719 0.775482 0.386719 0.778413 0.387695 0.784274 0.387695 0.784274 0.384766 0.781344 0.383789 0.781344 0.382812 0.778413 0.381836 0.778413 0.379883 0.775482 0.378906
1 0.338813 0.289062 0.335883 0.290039 0.335883 0.300781 0.338813 0.301758 0.338813 0.302734 0.350536 0.302734 0.353467 0.301758 0.353467 0.300781 0.356397 0.299805 0.356397 0.291016 0.350536 0.289062
1 0.303645 0.449219 0.300715 0.450195 0.300715 0.461914 0.303645 0.462891 0.309507 0.462891 0.321229 0.458984 0.321229 0.450195 0.318299 0.449219
1 0.584989 0.730469 0.582059 0.731445 0.582059 0.740234 0.584989 0.741211 0.58792 0.741211 0.590851 0.740234 0.590851 0.738281 0.593781 0.737305 0.593781 0.734375 0.590851 0.733398 0.590851 0.731445 0.58792 0.730469
1 0.479485 0.308594 0.476555 0.30957 0.476555 0.3125 0.479485 0.313477 0.479485 0.314453 0.482416 0.314453 0.482416 0.313477 0.485347 0.3125 0.485347 0.30957 0.482416 0.308594
1 0.819442 0.0234375 0.816512 0.0244141 0.816512 0.0302734 0.819442 0.03125 0.819442 0.0322266 0.822373 0.0322266 0.825304 0.03125 0.828234 0.03125 0.831165 0.0302734 0.834096 0.0302734 0.837026 0.0292969 0.837026 0.0263672 0.834096 0.0253906 0.834096 0.0244141 0.831165 0.0244141 0.828234 0.0234375
1 0.760829 0.296875 0.757898 0.297852 0.757898 0.302734 0.760829 0.303711 0.775482 0.303711 0.778413 0.302734 0.781344 0.302734 0.781344 0.300781 0.778413 0.299805 0.778413 0.297852 0.775482 0.296875
1 0.737384 0.464844 0.734453 0.46582 0.734453 0.470703 0.737384 0.47168 0.740314 0.47168 0.743245 0.470703 0.743245 0.467773 0.746176 0.466797 0.740314 0.464844
1 0.573267 0.894531 0.570336 0.895508 0.570336 0.900391 0.573267 0.901367 0.584989 0.901367 0.599643 0.896484 0.599643 0.895508 0.596712 0.894531
1 0.573267 0.5625 0.570336 0.563477 0.570336 0.568359 0.573267 0.569336 0.579128 0.569336 0.582059 0.570312 0.58792 0.570312 0.590851 0.569336 0.593781 0.569336 0.596712 0.568359 0.596712 0.566406 0.593781 0.56543 0.593781 0.564453 0.58792 0.5625
1 0.760829 0.621094 0.757898 0.62207 0.757898 0.623047 0.760829 0.624023 0.775482 0.624023 0.778413 0.623047 0.778413 0.62207 0.775482 0.621094
1 0.831165 0.828125 0.828234 0.829102 0.828234 0.833984 0.831165 0.834961 0.831165 0.835938 0.834096 0.835938 0.842888 0.838867 0.857541 0.838867 0.863402 0.836914 0.863402 0.835938 0.869264 0.833984 0.869264 0.831055 0.866333 0.830078 0.866333 0.829102 0.863402 0.829102 0.860472 0.828125
1 0.186419 0.320312 0.183488 0.321289 0.183488 0.322266 0.186419 0.323242 0.212795 0.323242 0.215726 0.322266 0.215726 0.321289 0.212795 0.320312
1 0.491208 0.957031 0.488277 0.958008 0.488277 0.958984 0.491208 0.959961 0.508792 0.959961 0.511723 0.960938 0.514653 0.960938 0.517584 0.961914 0.520515 0.961914 0.523445 0.962891 0.526376 0.962891 0.529307 0.963867 0.532237 0.963867 0.535168 0.962891 0.541029 0.962891 0.541029 0.958008 0.538099 0.958008 0.535168 0.957031
1 0.842888 0.902344 0.839957 0.90332 0.839957 0.912109 0.842888 0.913086 0.845818 0.913086 0.85168 0.911133 0.85168 0.908203 0.848749 0.907227 0.848749 0.90332 0.845818 0.902344
1 0.784274 0.542969 0.781344 0.543945 0.781344 0.548828 0.784274 0.549805 0.787205 0.549805 0.790136 0.548828 0.790136 0.545898 0.793066 0.544922 0.787205 0.542969
