1 0.210251 0.578125 0.207324 0.579102 0.207324 0.580078 0.20147 0.582031 0.198544 0.582031 0.195617 0.583008 0.195617 0.591797 0.198544 0.592773 0.20147 0.592773 0.204397 0.59375 0.219031 0.59375 0.221958 0.592773 0.248299 0.592773 0.251225 0.591797 0.251225 0.583008 0.248299 0.582031 0.245372 0.582031 0.239518 0.580078 0.239518 0.579102 0.236592 0.578125
1 0.514634 0.855469 0.511707 0.856445 0.511707 0.861328 0.514634 0.862305 0.514634 0.863281 0.517561 0.863281 0.526341 0.866211 0.529268 0.866211 0.532194 0.865234 0.535121 0.865234 0.540975 0.863281 0.540975 0.862305 0.543901 0.861328 0.543901 0.856445 0.540975 0.855469
1 0.257079 0.390625 0.254152 0.391602 0.254152 0.397461 0.257079 0.398438 0.257079 0.399414 0.260006 0.399414 0.262932 0.398438 0.265859 0.398438 0.268786 0.397461 0.271713 0.397461 0.274639 0.396484 0.274639 0.391602 0.271713 0.390625
1 0.210251 0.1875 0.207324 0.188477 0.207324 0.189453 0.213177 0.191406 0.219031 0.191406 0.221958 0.192383 0.224884 0.191406 0.227811 0.191406 0.230738 0.19043 0.236592 0.19043 0.239518 0.189453 0.239518 0.188477 0.236592 0.1875
1 0.479513 0.441406 0.476586 0.442383 0.476586 0.447266 0.479513 0.448242 0.479513 0.449219 0.485366 0.451172 0.488293 0.451172 0.49122 0.452148 0.494146 0.452148 0.497073 0.451172 0.497073 0.448242 0.5 0.447266 0.5 0.446289 0.497073 0.445312 0.497073 0.442383 0.494146 0.441406
1 0.221958 0.621094 0.219031 0.62207 0.219031 0.626953 0.221958 0.62793 0.236592 0.62793 0.239518 0.626953 0.239518 0.62207 0.236592 0.621094
1 0.104887 0.554688 0.101961 0.555664 0.101961 0.568359 0.104887 0.569336 0.128301 0.569336 0.140008 0.56543 0.142935 0.56543 0.145862 0.564453 0.145862 0.5625 0.148789 0.561523 0.148789 0.55957 0.142935 0.557617 0.140008 0.557617 0.137082 0.556641 0.134155 0.556641 0.131228 0.555664 0.125375 0.555664 0.122448 0.554688
1 0.666825 0.0234375 0.663899 0.0244141 0.663899 0.0371094 0.666825 0.0380859 0.666825 0.0390625 0.672679 0.0390625 0.675606 0.0380859 0.681459 0.0380859 0.684386 0.0371094 0.684386 0.0361328 0.693166 0.0332031 0.693166 0.0302734 0.690239 0.0292969 0.690239 0.0283203 0.684386 0.0263672 0.684386 0.0244141 0.681459 0.0234375
1 0.479513 0.300781 0.476586 0.301758 0.476586 0.303711 0.479513 0.304688 0.479513 0.306641 0.485366 0.308594 0.485366 0.314453 0.488293 0.31543 0.488293 0.318359 0.49122 0.319336 0.502927 0.319336 0.50878 0.317383 0.50878 0.307617 0.511707 0.306641 0.511707 0.305664 0.50878 0.304688 0.50878 0.302734 0.505853 0.301758 0.5 0.301758 0.497073 0.300781
1 0.221958 0.128906 0.219031 0.129883 0.219031 0.136719 0.221958 0.137695 0.221958 0.138672 0.233665 0.138672 0.236592 0.137695 0.236592 0.136719 0.239518 0.135742 0.239518 0.133789 0.236592 0.132812 0.236592 0.131836 0.230738 0.129883 0.227811 0.129883 0.224884 0.128906
1 0.233665 0.859375 0.230738 0.860352 0.230738 0.865234 0.233665 0.866211 0.248299 0.866211 0.251225 0.865234 0.251225 0.861328 0.245372 0.859375
1 0.514634 0.589844 0.511707 0.59082 0.511707 0.591797 0.514634 0.592773 0.517561 0.592773 0.520487 0.591797 0.520487 0.59082 0.517561 0.589844
1 0.479513 0.964844 0.476586 0.96582 0.476586 0.974609 0.479513 0.975586 0.494146 0.975586 0.497073 0.974609 0.497073 0.972656 0.5 0.97168 0.5 0.969727 0.502927 0.96875 0.502927 0.967773 0.505853 0.966797 0.505853 0.96582 0.502927 0.96582 0.5 0.964844
1 0.80731 0.132812 0.804383 0.133789 0.804383 0.138672 0.80731 0.139648 0.810237 0.139648 0.813163 0.138672 0.813163 0.133789 0.810237 0.132812
1 0.760482 0.300781 0.757555 0.301758 0.757555 0.305664 0.760482 0.306641 0.760482 0.307617 0.775116 0.307617 0.778042 0.306641 0.780969 0.306641 0.780969 0.305664 0.778042 0.304688 0.778042 0.301758 0.775116 0.300781
1 0.362442 0.867188 0.359515 0.868164 0.359515 0.873047 0.362442 0.874023 0.377076 0.874023 0.380003 0.873047 0.380003 0.87207 0.388783 0.869141 0.388783 0.868164 0.385856 0.867188
1 0.479513 0.964844 0.476586 0.96582 0.476586 0.974609 0.479513 0.975586 0.494146 0.975586 0.497073 0.974609 0.497073 0.97168 0.5 0.970703 0.5 0.969727 0.505853 0.967773 0.514634 0.967773 0.517561 0.966797 0.517561 0.96582 0.502927 0.96582 0.5 0.964844
1 0.17513 0.824219 0.172203 0.825195 0.172203 0.826172 0.17513 0.827148 0.180983 0.827148 0.18391 0.828125 0.189763 0.828125 0.19269 0.827148 0.198544 0.827148 0.20147 0.826172 0.20147 0.825195 0.198544 0.824219
1 0.514634 0.960938 0.50878 0.962891 0.50878 0.963867 0.502927 0.96582 0.502927 0.967773 0.514634 0.967773 0.526341 0.963867 0.529268 0.963867 0.532194 0.962891 0.532194 0.961914 0.529268 0.960938
1 0.210251 0.765625 0.207324 0.766602 0.207324 0.767578 0.210251 0.768555 0.213177 0.768555 0.216104 0.767578 0.216104 0.766602 0.213177 0.765625
1 0.385856 0.78125 0.38293 0.782227 0.38293 0.787109 0.385856 0.788086 0.39171 0.788086 0.394637 0.789062 0.397563 0.789062 0.403417 0.787109 0.403417 0.782227 0.40049 0.78125
1 0.783896 0.5 0.780969 0.500977 0.780969 0.506836 0.783896 0.507812 0.783896 0.508789 0.786823 0.508789 0.789749 0.507812 0.792676 0.507812 0.795603 0.506836 0.79853 0.506836 0.801456 0.505859 0.801456 0.500977 0.79853 0.5
1 0.49122 0.765625 0.488293 0.766602 0.488293 0.768555 0.49122 0.769531 0.49122 0.770508 0.494146 0.770508 0.497073 0.769531 0.497073 0.766602 0.494146 0.765625
1 0.514634 0.960938 0.50878 0.962891 0.50878 0.963867 0.505853 0.964844 0.49122 0.964844 0.488293 0.96582 0.488293 0.974609 0.49122 0.975586 0.494146 0.975586 0.497073 0.974609 0.497073 0.972656 0.5 0.97168 0.5 0.969727 0.505853 0.967773 0.514634 0.967773 0.526341 0.963867 0.529268 0.963867 0.532194 0.962891 0.532194 0.961914 0.529268 0.960938
1 0.280493 0.671875 0.277566 0.672852 0.277566 0.674805 0.280493 0.675781 0.280493 0.676758 0.289273 0.676758 0.2922 0.675781 0.295127 0.675781 0.295127 0.674805 0.298054 0.673828 0.298054 0.672852 0.295127 0.671875
1 0.0931803 0.996094 0.0902535 0.99707 0.0902535 0.999023 0.104887 0.999023 0.104887 0.998047 0.101961 0.99707 0.0990338 0.99707 0.096107 0.996094
1 0.655118 0.804688 0.652192 0.805664 0.652192 0.814453 0.655118 0.81543 0.658045 0.81543 0.660972 0.814453 0.660972 0.805664 0.658045 0.804688
1 0.514634 0.0859375 0.511707 0.0869141 0.511707 0.0878906 0.514634 0.0888672 0.517561 0.0888672 0.526341 0.0917969 0.532194 0.0917969 0.535121 0.0908203 0.535121 0.0888672 0.538048 0.0878906 0.532194 0.0859375
1 0.233665 0.859375 0.230738 0.860352 0.230738 0.865234 0.233665 0.866211 0.248299 0.866211 0.251225 0.865234 0.251225 0.861328 0.245372 0.859375
1 0.482439 0.425781 0.479513 0.426758 0.479513 0.427734 0.482439 0.428711 0.502927 0.428711 0.505853 0.427734 0.505853 0.426758 0.502927 0.425781
1 0.49122 0.480469 0.488293 0.481445 0.488293 0.482422 0.49122 0.483398 0.5 0.483398 0.502927 0.482422 0.505853 0.482422 0.505853 0.481445 0.502927 0.481445 0.5 0.480469
1 0.140008 0.0351562 0.137082 0.0361328 0.137082 0.0449219 0.140008 0.0458984 0.154642 0.0458984 0.157569 0.0449219 0.157569 0.0380859 0.154642 0.0371094 0.154642 0.0361328 0.151715 0.0361328 0.148789 0.0351562
1 0.655118 0.5625 0.652192 0.563477 0.652192 0.572266 0.658045 0.574219 0.666825 0.574219 0.669752 0.573242 0.669752 0.572266 0.672679 0.571289 0.672679 0.563477 0.669752 0.5625
1 0.210251 0.746094 0.207324 0.74707 0.207324 0.748047 0.213177 0.75 0.216104 0.749023 0.221958 0.749023 0.224884 0.748047 0.224884 0.74707 0.221958 0.746094
1 0.80731 0.132812 0.804383 0.133789 0.804383 0.138672 0.80731 0.139648 0.810237 0.139648 0.813163 0.138672 0.813163 0.133789 0.810237 0.132812
